0.0000 1.48
0.0100 0.58
0.0200 1.16
0.0300 1.13
0.0400 1.10
0.0500 0.96
0.0600 0.86
0.0700 0.74
0.0800 0.52
0.0900 0.58
0.1000 0.53
0.1100 0.49
0.1200 0.41
0.1300 1.44
0.1400 1.36
0.1500 1.39
0.1600 1.35
0.1700 1.40
0.1800 0.41
0.1900 0.47
0.2000 0.48
0.2100 0.51
0.2200 0.52
0.2300 0.53
0.2400 0.51
0.2500 0.53
0.2600 0.54
0.2700 0.55
0.2800 0.56
0.2900 0.58
0.3000 0.60
0.3100 0.62
0.3200 0.63
0.3300 0.64
0.3400 0.63
0.3500 0.62
0.3600 0.61
0.3700 0.59
0.3800 0.56
0.3900 0.54
0.4000 0.51
0.4100 0.49
0.4200 0.48
0.4300 0.47
0.4400 0.46
0.4500 0.45
0.4600 0.43
0.4700 0.43
0.4800 0.45
0.4900 0.48
0.5000 0.50
0.5100 0.52
0.5200 0.54
0.5300 0.54
0.5400 0.55
0.5500 0.57
0.5600 0.59
0.5700 0.59
0.5800 0.59
0.5900 0.57
0.6000 0.56
0.6100 0.56
0.6200 0.56
0.6300 0.58
0.6400 0.60
0.6500 0.62
0.6600 0.64
0.6700 0.66
0.6800 0.67
0.6900 0.68
0.7000 0.68
0.7100 0.69
0.7200 0.70
0.7300 0.69
0.7400 0.69
0.7500 0.67
0.7600 0.64
0.7700 0.60
0.7800 0.56
0.7900 0.53
0.8000 0.51
0.8100 0.49
0.8200 0.46
0.8300 0.43
0.8400 0.41
0.8500 0.38
0.8600 0.35
0.8700 0.34
0.8800 0.34
0.8900 0.34
0.9000 0.36
0.9100 0.37
0.9200 0.40
0.9300 0.45
0.9400 0.51
0.9500 0.58
0.9600 0.65
0.9700 0.68
0.9800 0.69
0.9900 0.68
1.0000 0.66
1.0100 0.65
1.0200 0.68
1.0300 0.71
1.0400 0.77
1.0500 0.82
1.0600 0.86
1.0700 0.92
1.0800 1.01
1.0900 1.14
1.1000 1.31
1.1100 1.48
1.1200 1.59
1.1300 1.66
1.1400 1.68
1.1500 1.66
1.1600 1.66
1.1700 1.69
1.1800 1.72
1.1900 1.79
1.2000 1.81
1.2100 1.79
1.2200 1.76
1.2300 1.78
1.2400 1.78
1.2500 1.82
1.2600 1.87
1.2700 1.85
1.2800 1.78
1.2900 1.67
1.3000 1.54
1.3100 1.49
1.3200 1.50
1.3300 1.52
1.3400 1.66
1.3500 1.81
1.3600 1.96
1.3700 2.18
1.3800 2.55
1.3900 2.97
1.4000 3.36
1.4100 3.68
1.4200 3.86
1.4300 3.77
1.4400 3.48
1.4500 3.25
1.4600 3.08
1.4700 2.93
1.4800 2.92
1.4900 2.92
1.5000 2.89
1.5100 2.85
1.5200 2.84
1.5300 2.94
1.5400 3.17
1.5500 3.41
1.5600 3.69
1.5700 4.04
1.5800 4.39
1.5900 4.95
1.6000 5.54
1.6100 5.98
1.6200 6.48
1.6300 6.86
1.6400 6.82
1.6500 6.88
1.6600 7.07
1.6700 7.32
1.6800 7.37
1.6900 7.44
1.7000 7.38
1.7100 7.37
1.7200 7.24
1.7300 7.20
1.7400 7.31
1.7500 7.28
1.7600 6.90
1.7700 6.41
1.7800 6.07
1.7900 5.70
1.8000 5.43
1.8100 5.38
1.8200 5.35
1.8300 5.20
1.8400 5.09
1.8500 5.04
1.8600 5.12
1.8700 5.10
1.8800 5.12
1.8900 5.00
1.9000 4.81
1.9100 4.54
1.9200 4.32
1.9300 4.13
1.9400 3.94
1.9500 3.82
1.9600 3.63
1.9700 3.61
1.9800 3.58
1.9900 3.54
2.0000 3.40
2.0100 3.25
2.0200 3.05
2.0300 2.84
2.0400 2.72
2.0500 2.66
2.0600 2.62
2.0700 2.47
2.0800 2.26
2.0900 2.05
2.1000 1.85
2.1100 1.72
2.1200 1.72
2.1300 1.83
2.1400 1.99
2.1500 2.13
2.1600 2.30
2.1700 2.46
2.1800 2.59
2.1900 2.74
2.2000 2.89
2.2100 3.02
2.2200 3.10
2.2300 3.09
2.2400 2.94
2.2500 2.77
2.2600 2.53
2.2700 2.29
2.2800 2.18
2.2900 2.16
2.3000 2.24
2.3100 2.25
2.3200 2.29
2.3300 2.22
2.3400 2.13
2.3500 1.99
2.3600 1.94
2.3700 1.94
2.3800 1.95
2.3900 1.97
2.4000 1.92
2.4100 1.91
2.4200 1.94
2.4300 2.06
2.4400 2.15
2.4500 2.24
2.4600 2.33
2.4700 2.30
2.4800 2.25
2.4900 2.20
2.5000 2.17
2.5100 2.14
2.5200 2.07
2.5300 1.99
2.5400 1.95
2.5500 1.85
2.5600 1.73
2.5700 1.63
2.5800 1.86
2.5900 1.75
2.6000 1.79
2.6100 1.56
2.6200 1.85
2.6300 1.55
2.6400 1.55
2.6500 1.48
2.6600 1.48
2.6700 1.07
2.6800 1.07
2.6900 0.91
2.7000 0.90
2.7100 0.93
2.7200 1.06
2.7300 0.92
2.7400 1.11
2.7500 1.00
2.7600 1.20
2.7700 1.07
2.7800 1.19
2.7900 0.97
2.8000 1.46
2.8100 1.85
2.8200 2.37
2.8300 2.72
2.8400 3.23
2.8500 3.11
2.8600 2.94
2.8700 2.75
2.8800 2.23
2.8900 1.76
2.9000 2.80
2.9100 2.44
2.9200 2.19
2.9300 2.22
2.9400 2.37
2.9500 0.84
2.9600 0.76
2.9700 0.57
2.9800 0.67
2.9900 0.49
3.0000 0.65
3.0100 0.67
3.0200 0.86
3.0300 0.70
3.0400 0.82
3.0500 0.67
3.0600 0.83
3.0700 0.64
3.0800 0.96
3.0900 0.78
3.1000 1.17
3.1100 0.97
3.1200 1.31
3.1300 0.97
3.1400 1.44
3.1500 1.03
3.1600 2.48
3.1700 2.15
3.1800 2.47
3.1900 2.03
3.2000 4.62
3.2100 3.24
3.2200 3.29
3.2300 3.05
3.2400 3.09
3.2500 0.61
3.2600 0.79
3.2700 0.79
3.2800 0.95
3.2900 0.94
3.3000 1.02
3.3100 0.82
3.3200 0.87
3.3300 0.69
3.3400 0.79
3.3500 0.73
3.3600 0.73
3.3700 0.67
3.3800 0.78
3.3900 0.68
3.4000 0.63
3.4100 0.64
3.4200 0.65
3.4300 0.54
3.4400 0.52
3.4500 0.50
3.4600 0.61
3.4700 0.57
3.4800 0.74
3.4900 0.72
3.5000 0.94
3.5100 0.79
3.5200 0.91
3.5300 0.71
3.5400 0.87
3.5500 0.64
3.5600 0.69
3.5700 0.56
3.5800 0.85
3.5900 0.69
3.6000 0.70
3.6100 0.66
3.6200 0.67
3.6300 0.39
3.6400 0.41
3.6500 0.39
3.6600 0.66
3.6700 0.64
3.6800 0.90
3.6900 0.88
3.7000 1.07
3.7100 0.79
3.7200 1.02
3.7300 0.75
3.7400 0.99
3.7500 0.83
3.7600 1.06
3.7700 0.85
3.7800 1.10
3.7900 0.88
3.8000 1.33
3.8100 1.18
3.8200 1.43
3.8300 1.28
3.8400 1.30
3.8500 0.93
3.8600 1.17
3.8700 0.99
3.8800 1.13
3.8900 1.16
3.9000 1.51
3.9100 1.27
3.9200 1.32
3.9300 1.16
3.9400 1.51
3.9500 1.08
3.9600 1.23
3.9700 1.11
3.9800 1.49
3.9900 1.11
4.0000 1.27
4.0100 1.11
4.0200 1.48
4.0300 1.09
4.0400 1.47
4.0500 1.40
4.0600 1.62
4.0700 1.40
4.0800 1.40
4.0900 1.15
4.1000 1.14
4.1100 0.98
4.1200 1.04
4.1300 1.08
4.1400 1.76
4.1500 1.77
4.1600 2.77
4.1700 2.64
4.1800 3.04
4.1900 2.30
4.2000 2.74
4.2100 1.71
4.2200 3.05
4.2300 2.63
4.2400 3.38
4.2500 2.90
4.2600 3.09
4.2700 1.70
4.2800 2.02
4.2900 1.23
4.3000 1.59
4.3100 1.39
4.3200 1.56
4.3300 1.27
4.3400 1.56
4.3500 1.49
4.3600 1.67
4.3700 1.76
4.3800 1.92
4.3900 1.81
4.4000 1.72
4.4100 1.59
4.4200 1.54
4.4300 1.50
4.4400 1.48
4.4500 1.42
4.4600 1.48
4.4700 1.78
4.4800 1.56
4.4900 1.70
4.5000 1.78
4.5100 2.01
4.5200 1.82
4.5300 2.19
4.5400 2.29
4.5500 2.25
4.5600 2.19
4.5700 2.34
4.5800 2.63
4.5900 2.62
4.6000 3.43
4.6100 4.11
4.6200 3.45
4.6300 3.24
4.6400 3.08
4.6500 2.66
4.6600 2.75
4.6700 2.66
4.6800 2.50
4.6900 2.34
4.7000 2.08
4.7100 1.85
4.7200 2.03
4.7300 2.99
4.7400 3.42
4.7500 3.98
4.7600 3.87
4.7700 3.56
4.7800 2.90
4.7900 2.72
4.8000 2.79
4.8100 2.29
4.8200 3.51
4.8300 3.79
4.8400 4.43
4.8500 4.45
4.8600 5.67
4.8700 3.91
4.8800 3.37
4.8900 2.44
4.9000 2.24
4.9100 1.65
4.9200 2.24
4.9300 2.41
4.9400 2.64
4.9500 3.23
4.9600 2.80
4.9700 2.12
4.9800 2.09
4.9900 1.98
5.0000 1.76
5.0100 1.68
5.0200 1.60
5.0300 1.39
5.0400 1.41
5.0500 1.27
5.0600 1.23
5.0700 1.16
5.0800 1.23
5.0900 1.16
5.1000 1.73
5.1100 2.04
5.1200 1.65
5.1300 1.76
5.1400 1.54
5.1500 0.99
5.1600 0.93
5.1700 0.94
5.1800 0.88
5.1900 0.84
5.2000 0.80
5.2100 0.83
5.2200 0.77
5.2300 0.82
5.2400 0.78
5.2500 0.81
5.2600 1.54
5.2700 1.87
5.2800 1.91
5.2900 2.48
5.3000 2.11
5.3100 1.22
5.3200 1.07
5.3300 1.07
5.3400 1.13
5.3500 1.01
5.3600 1.05
5.3700 1.19
5.3800 0.95
5.3900 0.80
5.4000 0.90
5.4100 0.79
5.4200 0.93
5.4300 1.16
5.4400 1.33
5.4500 1.46
5.4600 1.54
5.4700 1.70
5.4800 1.75
5.4900 1.78
5.5000 1.80
5.5100 1.83
5.5200 1.47
5.5300 1.29
5.5400 2.03
5.5500 2.13
5.5600 1.67
5.5700 2.13
5.5800 2.27
5.5900 1.63
5.6000 1.31
5.6100 1.59
5.6200 1.45
5.6300 0.92
5.6400 0.95
5.6500 1.10
5.6600 1.46
5.6700 1.60
5.6800 1.52
5.6900 1.78
5.7000 1.95
5.7100 1.83
5.7200 1.58
5.7300 1.68
5.7400 1.74
5.7500 1.46
5.7600 1.14
5.7700 1.19
5.7800 1.06
5.7900 0.67
5.8000 0.75
5.8100 0.87
5.8200 1.23
5.8300 1.44
5.8400 1.27
5.8500 1.45
5.8600 1.21
5.8700 0.84
5.8800 0.79
5.8900 0.71
5.9000 0.71
5.9100 0.69
5.9200 0.81
5.9300 0.88
5.9400 0.74
5.9500 0.77
5.9600 0.96
5.9700 0.92
5.9800 1.78
5.9900 2.42
6.0000 1.96
6.0100 2.27
6.0200 2.27
6.0300 1.65
6.0400 1.36
6.0500 1.52
6.0600 1.26
6.0700 0.75
6.0800 0.65
6.0900 0.60
6.1000 0.65
6.1100 0.60
6.1200 0.60
6.1300 0.67
6.1400 1.11
6.1500 1.29
6.1600 1.20
6.1700 1.50
6.1800 1.44
6.1900 1.17
6.2000 1.23
6.2100 1.33
6.2200 1.37
6.2300 1.41
6.2400 1.19
6.2500 1.11
6.2600 1.04
6.2700 0.84
6.2800 0.79
6.2900 0.80
6.3000 0.91
6.3100 0.91
6.3200 1.21
6.3300 1.48
6.3400 1.21
6.3500 1.25
6.3600 1.75
6.3700 1.71
6.3800 1.48
6.3900 1.89
6.4000 1.71
6.4100 1.20
6.4200 1.08
6.4300 1.09
6.4400 1.41
6.4500 1.44
6.4600 1.35
6.4700 1.60
6.4800 1.52
6.4900 1.25
6.5000 1.20
6.5100 1.23
6.5200 1.39
6.5300 1.42
6.5400 1.79
6.5500 2.13
6.5600 1.78
6.5700 1.80
6.5800 1.52
6.5900 1.02
6.6000 0.84
6.6100 0.73
6.6200 0.73
6.6300 0.60
6.6400 0.66
6.6500 0.74
6.6600 0.69
6.6700 0.68
6.6800 0.76
6.6900 0.76
6.7000 0.93
6.7100 1.10
6.7200 1.06
6.7300 1.12
6.7400 1.05
6.7500 0.94
6.7600 1.04
6.7700 1.08
6.7800 1.82
6.7900 2.27
6.8000 1.94
6.8100 2.29
6.8200 1.77
6.8300 1.00
6.8400 1.10
6.8500 1.02
6.8600 1.39
6.8700 1.71
6.8800 1.72
6.8900 1.94
6.9000 1.49
6.9100 1.17
6.9200 1.21
6.9300 0.95
6.9400 2.47
6.9500 3.40
6.9600 2.69
6.9700 3.38
6.9800 3.15
6.9900 1.98
7.0000 1.86
7.0100 2.16
7.0200 1.59
7.0300 1.04
7.0400 1.09
7.0500 0.82
7.0600 0.95
7.0700 1.20
7.0800 1.32
7.0900 1.38
7.1000 1.26
7.1100 1.29
7.1200 2.16
7.1300 2.47
7.1400 2.33
7.1500 2.99
7.1600 4.09
7.1700 4.18
7.1800 3.13
7.1900 3.67
7.2000 3.63
7.2100 2.29
7.2200 2.31
7.2300 2.96
7.2400 3.26
7.2500 3.12
7.2600 2.47
7.2700 2.52
7.2800 2.36
7.2900 1.61
7.3000 1.50
7.3100 1.65
7.3200 2.13
7.3300 2.17
7.3400 2.05
7.3500 2.45
7.3600 2.89
7.3700 2.79
7.3800 2.05
7.3900 2.17
7.4000 2.92
7.4100 2.50
7.4200 2.06
7.4300 2.80
7.4400 3.44
7.4500 2.94
7.4600 2.28
7.4700 2.83
7.4800 2.84
7.4900 1.91
7.5000 1.50
7.5100 1.79
7.5200 1.70
7.5300 1.11
7.5400 0.96
7.5500 1.09
7.5600 1.21
7.5700 1.05
7.5800 0.98
7.5900 1.14
7.6000 1.07
7.6100 0.89
7.6200 1.05
7.6300 1.16
7.6400 1.09
7.6500 1.16
7.6600 2.70
7.6700 3.35
7.6800 2.65
7.6900 3.50
7.7000 2.68
7.7100 1.13
7.7200 1.72
7.7300 1.96
7.7400 1.72
7.7500 2.06
7.7600 2.22
7.7700 1.88
7.7800 1.70
7.7900 1.94
7.8000 1.80
7.8100 1.44
7.8200 1.28
7.8300 1.25
7.8400 1.30
7.8500 1.18
7.8600 1.02
7.8700 1.05
7.8800 1.24
7.8900 1.17
7.9000 0.93
7.9100 1.04
7.9200 1.03
7.9300 0.72
7.9400 0.72
7.9500 0.85
7.9600 0.85
7.9700 0.77
7.9800 0.80
7.9900 0.84
8.0000 0.90
8.0100 0.93
8.0200 0.75
8.0300 0.71
8.0400 0.79
8.0500 0.69
8.0600 0.58
8.0700 0.67
8.0800 0.61
8.0900 0.42
8.1000 0.38
8.1100 0.39
8.1200 0.40
8.1300 0.35
8.1400 0.32
8.1500 0.33
8.1600 0.40
8.1700 0.39
8.1800 0.53
8.1900 0.66
8.2000 0.77
8.2100 0.90
8.2200 0.70
8.2300 0.65
8.2400 0.62
8.2500 0.43
8.2600 0.43
8.2700 0.50
8.2800 0.47
8.2900 0.42
8.3000 0.46
8.3100 0.48
8.3200 0.61
8.3300 0.71
8.3400 0.61
8.3500 0.64
8.3600 0.64
8.3700 0.53
8.3800 0.52
8.3900 0.57
8.4000 0.69
8.4100 0.72
8.4200 0.74
8.4300 0.86
8.4400 1.02
8.4500 1.07
8.4600 1.02
8.4700 1.13
8.4800 1.23
8.4900 1.18
8.5000 1.32
8.5100 1.52
8.5200 1.27
8.5300 1.19
8.5400 1.14
8.5500 0.90
8.5600 0.79
8.5700 0.80
8.5800 0.75
8.5900 0.61
8.6000 0.83
8.6100 0.96
8.6200 0.83
8.6300 0.92
8.6400 0.86
8.6500 0.66
8.6600 0.71
8.6700 0.78
8.6800 0.84
8.6900 0.90
8.7000 0.72
8.7100 0.67
8.7200 0.83
8.7300 0.75
8.7400 0.78
8.7500 0.99
8.7600 0.98
8.7700 0.89
8.7800 0.83
8.7900 0.82
8.8000 1.33
8.8100 1.52
8.8200 1.41
8.8300 1.77
8.8400 1.56
8.8500 1.17
8.8600 1.17
8.8700 1.16
8.8800 1.11
8.8900 1.09
8.9000 1.07
8.9100 1.02
8.9200 0.95
8.9300 0.92
8.9400 1.13
8.9500 1.18
8.9600 1.08
8.9700 1.21
8.9800 1.09
8.9900 0.86
9.0000 1.11
9.0100 1.24
9.0200 1.11
9.0300 1.24
9.0400 1.53
9.0500 1.48
9.0600 1.65
9.0700 2.04
9.0800 2.07
9.0900 2.04
9.1000 1.49
9.1100 1.25
9.1200 1.82
9.1300 1.67
9.1400 1.60
9.1500 2.21
9.1600 2.00
9.1700 1.52
9.1800 1.52
9.1900 1.56
9.2000 1.40
9.2100 1.31
9.2200 1.28
9.2300 1.16
9.2400 1.19
9.2500 1.25
9.2600 1.35
9.2700 1.41
9.2800 1.27
9.2900 1.28
9.3000 1.14
9.3100 0.93
9.3200 1.02
9.3300 1.02
9.3400 1.05
9.3500 1.15
9.3600 1.06
9.3700 1.00
9.3800 1.75
9.3900 2.06
9.4000 1.60
9.4100 1.97
9.4200 2.28
9.4300 1.80
9.4400 1.68
9.4500 2.17
9.4600 1.65
9.4700 1.02
9.4800 1.03
9.4900 0.83
9.5000 1.12
9.5100 1.37
9.5200 1.53
9.5300 1.77
9.5400 1.33
9.5500 1.16
9.5600 1.18
9.5700 0.84
9.5800 0.92
9.5900 1.15
9.6000 1.20
9.6100 1.19
9.6200 1.22
9.6300 1.29
9.6400 1.33
9.6500 1.33
9.6600 1.28
9.6700 1.28
9.6800 1.26
9.6900 1.19
9.7000 1.74
9.7100 2.02
9.7200 2.15
9.7300 2.62
9.7400 1.97
9.7500 1.53
9.7600 1.93
9.7700 1.69
9.7800 1.43
9.7900 1.83
9.8000 1.55
9.8100 0.97
9.8200 1.03
9.8300 1.08
9.8400 1.17
9.8500 1.25
9.8600 1.15
9.8700 1.14
9.8800 1.48
9.8900 1.54
9.9000 1.93
9.9100 2.43
9.9200 2.72
9.9300 3.00
9.9400 2.65
9.9500 2.61
9.9600 2.81
9.9700 2.57
9.9800 1.95
9.9900 1.96
10.0000 2.03
10.0100 1.44
10.0200 1.41
10.0300 1.75
10.0400 1.52
10.0500 1.19
10.0600 1.25
10.0700 1.20
10.0800 1.03
10.0900 1.03
10.1000 1.11
10.1100 0.99
10.1200 1.01
10.1300 1.17
10.1400 1.21
10.1500 1.18
10.1600 1.26
10.1700 1.36
10.1800 2.32
10.1900 2.83
10.2000 2.80
10.2100 3.49
10.2200 3.07
10.2300 2.49
10.2400 2.30
10.2500 2.08
10.2600 2.40
10.2700 2.48
10.2800 2.33
10.2900 2.54
10.3000 2.34
10.3100 1.98
10.3200 1.99
10.3300 1.97
10.3400 2.09
10.3500 2.17
10.3600 2.24
10.3700 2.36
10.3800 2.11
10.3900 2.00
10.4000 1.75
10.4100 1.43
10.4200 1.43
10.4300 1.34
10.4400 1.21
10.4500 1.18
10.4600 1.26
10.4700 1.17
10.4800 1.00
10.4900 1.03
10.5000 1.57
10.5100 1.65
10.5200 1.43
10.5300 1.81
10.5400 1.61
10.5500 1.09
10.5600 1.24
10.5700 1.38
10.5800 1.17
10.5900 1.16
10.6000 1.42
10.6100 1.36
10.6200 1.87
10.6300 2.42
10.6400 2.36
10.6500 2.56
10.6600 2.21
10.6700 1.88
10.6800 1.57
10.6900 1.25
10.7000 1.08
10.7100 0.86
10.7200 0.80
10.7300 0.71
10.7400 0.75
10.7500 0.74
10.7600 0.88
10.7700 0.99
10.7800 1.14
10.7900 1.29
10.8000 1.26
10.8100 1.30
10.8200 1.23
10.8300 1.14
10.8400 1.14
10.8500 1.12
10.8600 1.27
10.8700 1.35
10.8800 1.58
10.8900 1.79
10.9000 1.85
10.9100 1.99
10.9200 1.84
10.9300 1.75
10.9400 1.64
10.9500 1.48
10.9600 1.50
10.9700 1.48
10.9800 1.35
10.9900 1.32
11.0000 1.30
11.0100 1.17
11.0200 1.05
11.0300 1.02
11.0400 1.16
11.0500 1.11
11.0600 1.00
11.0700 1.10
11.0800 1.25
11.0900 1.16
11.1000 0.98
11.1100 1.08
11.1200 1.08
11.1300 0.85
11.1400 1.06
11.1500 1.27
11.1600 1.25
11.1700 1.33
11.1800 1.83
11.1900 2.02
11.2000 1.56
11.2100 1.74
11.2200 1.66
11.2300 1.08
11.2400 0.97
11.2500 1.13
11.2600 1.05
11.2700 0.81
11.2800 0.79
11.2900 0.81
11.3000 0.86
11.3100 0.85
11.3200 0.89
11.3300 0.96
11.3400 1.03
11.3500 1.06
11.3600 1.02
11.3700 1.04
11.3800 0.97
11.3900 0.88
11.4000 0.89
11.4100 0.88
11.4200 0.85
11.4300 0.85
11.4400 0.88
11.4500 0.86
11.4600 1.06
11.4700 1.19
11.4800 1.33
11.4900 1.52
11.5000 1.32
11.5100 1.26
11.5200 1.26
11.5300 1.10
11.5400 2.01
11.5500 2.55
11.5600 2.02
11.5700 2.39
11.5800 1.97
11.5900 1.04
11.6000 1.02
11.6100 1.04
11.6200 0.96
11.6300 0.89
11.6400 0.86
11.6500 0.81
11.6600 1.42
11.6700 1.74
11.6800 1.43
11.6900 1.75
11.7000 1.30
11.7100 0.62
11.7200 0.82
11.7300 0.81
11.7400 1.30
11.7500 1.74
11.7600 1.42
11.7700 1.52
11.7800 1.31
11.7900 0.83
11.8000 0.81
11.8100 0.82
11.8200 0.82
11.8300 0.79
11.8400 0.76
11.8500 0.76
11.8600 0.77
11.8700 0.74
11.8800 0.68
11.8900 0.67
11.9000 1.05
11.9100 1.18
11.9200 1.12
11.9300 1.40
11.9400 1.92
11.9500 1.98
11.9600 1.67
11.9700 2.02
11.9800 2.97
11.9900 2.98
12.0000 2.45
12.0100 3.14
12.0200 2.31
12.0300 1.02
12.0400 1.26
12.0500 1.20
12.0600 1.20
12.0700 1.47
12.0800 1.54
12.0900 1.44
12.1000 1.28
12.1100 1.32
12.1200 1.30
12.1300 1.11
12.1400 1.22
12.1500 1.34
12.1600 1.15
12.1700 1.09
12.1800 1.22
12.1900 1.11
12.2000 1.04
12.2100 1.18
12.2200 1.98
12.2300 2.23
12.2400 1.77
12.2500 2.21
12.2600 1.72
12.2700 0.78
12.2800 0.88
12.2900 0.91
12.3000 0.90
12.3100 0.98
12.3200 0.87
12.3300 0.77
12.3400 1.14
12.3500 1.27
12.3600 1.02
12.3700 1.21
12.3800 1.13
12.3900 0.76
12.4000 0.65
12.4100 0.72
12.4200 0.76
12.4300 0.65
12.4400 0.60
12.4500 0.68
12.4600 0.81
12.4700 0.80
12.4800 0.82
12.4900 0.98
12.5000 0.96
12.5100 0.89
12.5200 0.83
12.5300 0.81
12.5400 0.70
12.5500 0.59
12.5600 0.76
12.5700 0.79
12.5800 0.71
12.5900 0.83
12.6000 1.02
12.6100 0.99
12.6200 0.99
12.6300 1.21
12.6400 1.12
12.6500 0.97
12.6600 0.92
12.6700 0.88
12.6800 1.09
12.6900 1.17
12.7000 1.06
12.7100 1.19
12.7200 1.45
12.7300 1.41
12.7400 1.13
12.7500 1.26
12.7600 1.27
12.7700 0.93
12.7800 1.87
12.7900 2.52
12.8000 1.94
12.8100 2.27
12.8200 1.84
12.8300 0.89
12.8400 0.94
12.8500 1.02
12.8600 1.15
12.8700 1.23
12.8800 1.15
12.8900 1.20
12.9000 1.57
12.9100 1.66
12.9200 1.63
12.9300 1.94
12.9400 1.55
12.9500 1.17
12.9600 0.92
12.9700 0.59
12.9800 0.90
12.9900 0.96
13.0000 0.93
13.0100 1.19
13.0200 1.26
13.0300 1.15
13.0400 1.30
13.0500 1.52
13.0600 1.80
13.0700 2.00
13.0800 1.79
13.0900 1.88
13.1000 1.69
13.1100 1.35
13.1200 1.38
13.1300 1.38
13.1400 1.86
13.1500 2.12
13.1600 1.89
13.1700 2.12
13.1800 1.70
13.1900 1.14
13.2000 1.21
13.2100 1.10
13.2200 1.25
13.2300 1.45
13.2400 1.58
13.2500 1.70
13.2600 1.96
13.2700 2.17
13.2800 2.03
13.2900 2.13
13.3000 2.13
13.3100 1.94
13.3200 1.84
13.3300 1.88
13.3400 1.75
13.3500 1.56
13.3600 1.39
13.3700 1.28
13.3800 1.27
13.3900 1.17
13.4000 1.13
13.4100 1.16
13.4200 1.24
13.4300 1.23
13.4400 1.25
13.4500 1.34
13.4600 1.63
13.4700 1.75
13.4800 1.56
13.4900 1.69
13.5000 1.75
13.5100 1.52
13.5200 1.46
13.5300 1.62
13.5400 1.47
13.5500 1.27
13.5600 1.80
13.5700 2.02
13.5800 1.65
13.5900 1.89
13.6000 1.93
13.6100 1.46
13.6200 1.79
13.6300 2.24
13.6400 1.99
13.6500 1.97
13.6600 1.62
13.6700 1.21
13.6800 1.15
13.6900 0.98
13.7000 1.12
13.7100 1.21
13.7200 1.60
13.7300 1.88
13.7400 1.59
13.7500 1.69
13.7600 1.51
13.7700 1.07
13.7800 1.52
13.7900 1.78
13.8000 1.82
13.8100 2.15
13.8200 1.68
13.8300 1.31
13.8400 1.45
13.8500 1.23
13.8600 1.06
13.8700 1.23
13.8800 1.40
13.8900 1.25
13.9000 1.15
13.9100 1.35
13.9200 1.79
13.9300 1.81
13.9400 1.67
13.9500 2.04
13.9600 2.21
13.9700 1.97
13.9800 1.70
13.9900 1.84
14.0000 2.12
14.0100 1.91
14.0200 1.61
14.0300 1.83
14.0400 1.87
14.0500 1.48
14.0600 1.48
14.0700 1.71
14.0800 1.82
14.0900 1.75
14.1000 1.58
14.1100 1.62
14.1200 1.83
14.1300 1.73
14.1400 2.25
14.1500 2.77
14.1600 2.51
14.1700 2.65
14.1800 2.24
14.1900 1.72
14.2000 1.89
14.2100 1.83
14.2200 1.61
14.2300 1.69
14.2400 1.66
14.2500 1.38
14.2600 1.72
14.2700 2.00
14.2800 1.81
14.2900 1.92
14.3000 2.47
14.3100 2.51
14.3200 2.29
14.3300 2.71
14.3400 2.13
14.3500 1.40
14.3600 1.81
14.3700 1.80
14.3800 1.46
14.3900 1.71
14.4000 1.52
14.4100 0.97
14.4200 1.02
14.4300 1.14
14.4400 1.18
14.4500 1.19
14.4600 1.92
14.4700 2.33
14.4800 1.93
14.4900 2.27
14.5000 2.50
14.5100 2.05
14.5200 2.09
14.5300 2.56
14.5400 2.30
14.5500 1.98
14.5600 1.85
14.5700 1.69
14.5800 1.58
14.5900 1.48
14.6000 1.42
14.6100 1.33
14.6200 1.28
14.6300 1.24
14.6400 1.29
14.6500 1.28
14.6600 1.20
14.6700 1.21
14.6800 1.38
14.6900 1.39
14.7000 1.52
14.7100 1.77
14.7200 1.69
14.7300 1.66
14.7400 1.81
14.7500 1.82
14.7600 1.69
14.7700 1.77
14.7800 1.63
14.7900 1.39
14.8000 1.46
14.8100 1.47
14.8200 1.18
14.8300 1.10
14.8400 1.47
14.8500 1.40
14.8600 1.24
14.8700 1.57
14.8800 1.55
14.8900 1.22
14.9000 1.38
14.9100 1.61
14.9200 1.55
14.9300 1.56
14.9400 1.86
14.9500 1.93
14.9600 1.73
14.9700 1.89
14.9800 1.79
14.9900 1.46
15.0000 1.67
15.0100 1.84
15.0200 1.55
15.0300 1.54
15.0400 1.57
15.0500 1.30
15.0600 1.45
15.0700 1.69
15.0800 1.86
15.0900 1.98
15.1000 1.66
15.1100 1.62
15.1200 1.62
15.1300 1.33
15.1400 1.10
15.1500 1.13
15.1600 1.11
15.1700 0.86
15.1800 1.09
15.1900 1.31
15.2000 1.12
15.2100 1.14
15.2200 1.21
15.2300 1.04
15.2400 0.98
15.2500 1.10
15.2600 1.18
15.2700 1.09
15.2800 0.90
15.2900 0.94
15.3000 1.12
15.3100 1.00
15.3200 0.90
15.3300 1.08
15.3400 1.56
15.3500 1.60
15.3600 1.40
15.3700 1.75
15.3800 1.48
15.3900 0.96
15.4000 0.87
15.4100 0.81
15.4200 0.87
15.4300 0.84
15.4400 0.79
15.4500 0.83
15.4600 0.84
15.4700 0.76
15.4800 0.96
15.4900 1.10
15.5000 1.02
15.5100 1.11
15.5200 1.16
15.5300 1.05
15.5400 0.96
15.5500 1.00
15.5600 0.90
15.5700 0.73
15.5800 0.70
15.5900 0.67
15.6000 0.78
15.6100 0.82
15.6200 0.91
15.6300 1.06
15.6400 1.09
15.6500 1.12
15.6600 0.89
15.6700 0.79
15.6800 0.81
15.6900 0.65
15.7000 0.87
15.7100 1.08
15.7200 1.25
15.7300 1.45
15.7400 1.63
15.7500 1.79
15.7600 1.80
15.7700 1.91
15.7800 1.45
15.7900 1.19
15.8000 1.32
15.8100 1.06
15.8200 1.22
15.8300 1.57
15.8400 1.37
15.8500 1.25
15.8600 1.14
15.8700 0.93
15.8800 0.95
15.8900 0.94
15.9000 0.88
15.9100 0.88
15.9200 0.91
15.9300 0.88
15.9400 0.83
15.9500 0.86
15.9600 0.89
15.9700 0.84
15.9800 0.70
15.9900 0.68
16.0000 0.70
16.0100 0.57
16.0200 1.34
16.0300 1.79
16.0400 1.48
16.0500 1.85
16.0600 1.65
16.0700 1.04
16.0800 1.13
16.0900 1.27
16.1000 1.16
16.1100 1.12
16.1200 0.97
16.1300 0.81
16.1400 0.71
16.1500 0.58
16.1600 0.76
16.1700 0.81
16.1800 0.77
16.1900 0.91
16.2000 1.48
16.2100 1.66
16.2200 1.37
16.2300 1.70
16.2400 2.33
16.2500 2.18
16.2600 1.84
16.2700 2.38
16.2800 1.99
16.2900 1.19
16.3000 1.20
16.3100 1.21
16.3200 1.21
16.3300 1.21
16.3400 1.25
16.3500 1.27
16.3600 1.49
16.3700 1.62
16.3800 1.50
16.3900 1.58
16.4000 1.63
16.4100 1.50
16.4200 1.22
16.4300 1.21
16.4400 1.19
16.4500 0.91
16.4600 1.15
16.4700 1.39
16.4800 1.45
16.4900 1.60
16.5000 1.47
16.5100 1.40
16.5200 1.41
16.5300 1.33
16.5400 1.20
16.5500 1.18
16.5600 1.05
16.5700 0.85
16.5800 1.29
16.5900 1.46
16.6000 1.14
16.6100 1.32
16.6200 1.09
16.6300 0.55
16.6400 0.82
16.6500 0.99
16.6600 1.58
16.6700 2.06
16.6800 1.68
16.6900 1.84
16.7000 1.57
16.7100 0.97
16.7200 0.90
16.7300 0.90
16.7400 1.30
16.7500 1.45
16.7600 1.24
16.7700 1.48
16.7800 2.80
16.7900 3.13
16.8000 2.56
16.8100 3.42
16.8200 3.11
16.8300 1.96
16.8400 1.74
16.8500 1.90
16.8600 1.72
16.8700 1.33
16.8800 1.38
16.8900 1.41
16.9000 1.88
16.9100 2.13
16.9200 1.91
16.9300 2.13
16.9400 2.04
16.9500 1.66
16.9600 1.71
16.9700 1.83
16.9800 2.07
16.9900 2.17
17.0000 2.29
17.0100 2.54
17.0200 1.99
17.0300 1.71
17.0400 1.93
17.0500 1.64
17.0600 1.37
17.0700 1.61
17.0800 1.67
17.0900 1.31
17.1000 1.12
17.1100 1.27
17.1200 1.35
17.1300 1.12
17.1400 1.19
17.1500 1.42
17.1600 1.79
17.1700 1.93
17.1800 1.59
17.1900 1.71
17.2000 2.41
17.2100 2.35
17.2200 1.87
17.2300 2.36
17.2400 2.31
17.2500 1.56
17.2600 1.26
17.2700 1.43
17.2800 1.40
17.2900 1.00
17.3000 1.07
17.3100 1.27
17.3200 1.40
17.3300 1.43
17.3400 1.32
17.3500 1.38
17.3600 1.52
17.3700 1.46
17.3800 1.10
17.3900 1.10
17.4000 1.11
17.4100 0.76
17.4200 0.66
17.4300 0.80
17.4400 1.01
17.4500 0.95
17.4600 1.73
17.4700 2.37
17.4800 1.98
17.4900 2.25
17.5000 1.83
17.5100 1.10
17.5200 1.33
17.5300 1.40
17.5400 1.28
17.5500 1.42
17.5600 1.50
17.5700 1.34
17.5800 1.18
17.5900 1.25
17.6000 1.71
17.6100 1.74
17.6200 1.42
17.6300 1.70
17.6400 1.78
17.6500 1.36
17.6600 1.41
17.6700 1.73
17.6800 1.52
17.6900 1.31
17.7000 1.05
17.7100 0.82
17.7200 1.10
17.7300 1.10
17.7400 1.38
17.7500 1.79
17.7600 1.67
17.7700 1.67
17.7800 1.80
17.7900 1.75
17.8000 1.47
17.8100 1.49
17.8200 1.71
17.8300 1.54
17.8400 1.41
17.8500 1.66
17.8600 2.98
17.8700 3.38
17.8800 2.86
17.8900 3.71
17.9000 3.21
17.9100 2.01
17.9200 2.18
17.9300 2.37
17.9400 3.01
17.9500 3.40
17.9600 3.03
17.9700 3.29
17.9800 2.69
17.9900 1.89
18.0000 1.82
18.0100 1.58
18.0200 1.41
18.0300 1.38
18.0400 1.36
18.0500 1.20
18.0600 1.16
18.0700 1.20
18.0800 1.37
18.0900 1.40
18.1000 1.26
18.1100 1.35
18.1200 1.14
18.1300 0.84
18.1400 0.79
18.1500 0.69
18.1600 0.79
18.1700 0.83
18.1800 0.73
18.1900 0.76
18.2000 1.12
18.2100 1.20
18.2200 2.04
18.2300 2.79
18.2400 2.38
18.2500 2.65
18.2600 2.32
18.2700 1.61
18.2800 2.08
18.2900 2.34
18.3000 2.81
18.3100 3.38
18.3200 2.88
18.3300 2.82
18.3400 2.26
18.3500 1.51
18.3600 1.29
18.3700 0.99
18.3800 1.54
18.3900 1.74
18.4000 1.73
18.4100 2.17
18.4200 2.06
18.4300 1.78
18.4400 1.68
18.4500 1.68
18.4600 1.53
18.4700 1.36
18.4800 1.35
18.4900 1.28
18.5000 1.87
18.5100 2.19
18.5200 1.86
18.5300 2.13
18.5400 1.96
18.5500 1.42
18.5600 1.25
18.5700 1.26
18.5800 1.45
18.5900 1.35
18.6000 1.42
18.6100 1.68
18.6200 1.78
18.6300 1.76
18.6400 2.07
18.6500 2.34
18.6600 2.93
18.6700 3.41
18.6800 3.40
18.6900 3.75
18.7000 2.96
18.7100 2.38
18.7200 2.31
18.7300 1.78
18.7400 1.55
18.7500 1.65
18.7600 1.59
18.7700 1.30
18.7800 1.41
18.7900 1.56
18.8000 2.30
18.8100 2.71
18.8200 2.34
18.8300 2.69
18.8400 3.49
18.8500 3.35
18.8600 2.63
18.8700 3.13
18.8800 3.92
18.8900 3.33
18.9000 2.67
18.9100 3.41
18.9200 4.12
18.9300 3.44
18.9400 3.45
18.9500 4.50
18.9600 3.98
18.9700 3.21
18.9800 3.59
18.9900 3.66
19.0000 3.26
19.0100 3.42
19.0200 3.14
19.0300 2.52
19.0400 2.27
19.0500 2.17
19.0600 1.98
19.0700 1.69
19.0800 1.57
19.0900 1.48
19.1000 1.29
19.1100 1.13
19.1200 1.36
19.1300 1.36
19.1400 2.37
19.1500 3.10
19.1600 3.10
19.1700 3.74
19.1800 3.02
19.1900 2.35
19.2000 2.20
19.2100 1.75
19.2200 2.11
19.2300 2.37
19.2400 2.00
19.2500 2.04
19.2600 2.01
19.2700 1.60
19.2800 1.45
19.2900 1.54
19.3000 1.56
19.3100 1.38
19.3200 1.25
19.3300 1.31
19.3400 1.07
19.3500 0.80
19.3600 0.98
19.3700 0.98
19.3800 1.02
19.3900 1.23
19.4000 1.55
19.4100 1.65
19.4200 1.72
19.4300 2.03
19.4400 1.91
19.4500 1.78
19.4600 1.46
19.4700 1.25
19.4800 1.52
19.4900 1.44
19.5000 1.32
19.5100 1.57
19.5200 2.00
19.5300 1.97
19.5400 2.00
19.5500 2.46
19.5600 2.06
19.5700 1.66
19.5800 2.32
19.5900 2.45
19.6000 2.42
19.6100 3.00
19.6200 4.93
19.6300 5.57
19.6400 4.42
19.6500 5.45
19.6600 4.02
19.6700 1.64
19.6800 1.69
19.6900 1.48
19.7000 1.62
19.7100 1.85
19.7200 1.62
19.7300 1.53
19.7400 1.36
19.7500 1.09
19.7600 1.57
19.7700 1.78
19.7800 1.37
19.7900 1.54
19.8000 1.86
19.8100 1.53
19.8200 1.48
19.8300 1.94
19.8400 2.20
19.8500 2.06
19.8600 1.74
19.8700 1.92
19.8800 1.96
19.8900 1.58
19.9000 1.51
19.9100 1.72
19.9200 2.02
19.9300 2.00
19.9400 1.58
19.9500 1.68
19.9600 2.03
19.9700 1.72
19.9800 2.08
19.9900 2.75
20.0000 3.47
20.0100 3.85
20.0200 3.44
20.0300 3.77
20.0400 3.66
20.0500 3.04
20.0600 2.74
20.0700 2.79
20.0800 2.65
20.0900 2.25
20.1000 2.04
20.1100 2.00
20.1200 2.05
20.1300 1.90
20.1400 1.68
20.1500 1.71
20.1600 1.81
20.1700 1.63
20.1800 2.56
20.1900 3.21
20.2000 2.92
20.2100 3.37
20.2200 3.80
20.2300 3.50
20.2400 3.09
20.2500 3.47
20.2600 3.14
20.2700 2.38
20.2800 2.40
20.2900 2.46
20.3000 2.53
20.3100 2.54
20.3200 2.88
20.3300 3.09
20.3400 2.97
20.3500 3.13
20.3600 2.99
20.3700 2.71
20.3800 2.43
20.3900 2.29
20.4000 2.02
20.4100 1.68
20.4200 1.62
20.4300 1.49
20.4400 1.42
20.4500 1.40
20.4600 1.26
20.4700 1.14
20.4800 1.68
20.4900 1.88
20.5000 2.35
20.5100 3.02
20.5200 2.63
20.5300 2.56
20.5400 2.11
20.5500 1.52
20.5600 1.50
20.5700 1.33
20.5800 1.76
20.5900 2.04
20.6000 1.75
20.6100 1.91
20.6200 1.69
20.6300 1.22
20.6400 1.43
20.6500 1.56
20.6600 1.72
20.6700 1.95
20.6800 2.28
20.6900 2.50
20.7000 2.20
20.7100 2.29
20.7200 2.15
20.7300 1.75
20.7400 1.52
20.7500 1.48
20.7600 1.42
20.7700 1.20
20.7800 1.71
20.7900 2.03
20.8000 2.16
20.8100 2.58
20.8200 2.11
20.8300 1.79
20.8400 1.55
20.8500 1.12
20.8600 1.42
20.8700 1.54
20.8800 1.73
20.8900 2.06
20.9000 2.48
20.9100 2.71
20.9200 2.84
20.9300 3.20
20.9400 2.84
20.9500 2.60
20.9600 2.89
20.9700 2.79
20.9800 3.81
20.9900 4.65
21.0000 4.09
21.0100 4.40
21.0200 3.51
21.0300 2.34
21.0400 2.22
21.0500 1.85
21.0600 1.71
21.0700 1.71
21.0800 1.95
21.0900 1.95
21.1000 1.71
21.1100 1.85
21.1200 1.95
21.1300 1.70
21.1400 1.69
21.1500 1.91
21.1600 1.87
21.1700 1.73
21.1800 1.67
21.1900 1.68
21.2000 1.75
21.2100 1.73
21.2200 1.63
21.2300 1.66
21.2400 1.48
21.2500 1.27
21.2600 2.29
21.2700 2.73
21.2800 2.50
21.2900 3.19
21.3000 3.13
21.3100 2.52
21.3200 2.72
21.3300 3.05
21.3400 3.12
21.3500 3.18
21.3600 2.69
21.3700 2.48
21.3800 2.16
21.3900 1.61
21.4000 1.60
21.4100 1.55
21.4200 1.51
21.4300 1.50
21.4400 1.56
21.4500 1.55
21.4600 1.95
21.4700 2.21
21.4800 1.94
21.4900 2.07
21.5000 2.71
21.5100 2.69
21.5200 2.19
21.5300 2.59
21.5400 2.60
21.5500 1.91
21.5600 2.12
21.5700 2.58
21.5800 2.18
21.5900 1.96
21.6000 2.17
21.6100 2.00
21.6200 2.88
21.6300 3.63
21.6400 2.86
21.6500 2.99
21.6600 2.41
21.6700 1.29
21.6800 1.26
21.6900 1.23
21.7000 1.19
21.7100 1.16
21.7200 1.12
21.7300 1.08
21.7400 1.30
21.7500 1.39
21.7600 1.48
21.7700 1.70
21.7800 1.62
21.7900 1.55
21.8000 2.16
21.8100 2.40
21.8200 2.30
21.8300 2.73
21.8400 2.40
21.8500 1.92
21.8600 1.86
21.8700 1.73
21.8800 1.69
21.8900 1.68
21.9000 1.79
21.9100 1.82
21.9200 1.66
21.9300 1.68
21.9400 1.38
21.9500 1.06
21.9600 1.58
21.9700 1.71
21.9800 2.04
21.9900 2.67
22.0000 2.48
22.0100 2.40
22.0200 2.01
22.0300 1.67
22.0400 1.88
22.0500 1.77
22.0600 1.34
22.0700 1.40
22.0800 1.39
22.0900 0.93
22.1000 0.77
22.1100 0.91
22.1200 1.25
22.1300 1.18
22.1400 1.63
22.1500 2.23
22.1600 2.19
22.1700 2.33
22.1800 1.81
22.1900 1.44
22.2000 1.32
22.2100 0.93
22.2200 1.03
22.2300 1.17
22.2400 1.28
22.2500 1.37
22.2600 1.76
22.2700 2.01
22.2800 2.01
22.2900 2.26
22.3000 2.10
22.3100 1.89
22.3200 2.07
22.3300 2.10
22.3400 2.16
22.3500 2.35
22.3600 2.00
22.3700 1.79
22.3800 1.38
22.3900 0.93
22.4000 0.92
22.4100 0.73
22.4200 0.86
22.4300 1.01
22.4400 1.23
22.4500 1.39
22.4600 1.45
22.4700 1.61
22.4800 1.44
22.4900 1.33
22.5000 1.06
22.5100 0.82
22.5200 1.05
22.5300 1.04
22.5400 1.23
22.5500 1.58
22.5600 1.42
22.5700 1.36
22.5800 1.23
22.5900 1.03
22.6000 1.36
22.6100 1.50
22.6200 1.61
22.6300 1.93
22.6400 1.62
22.6500 1.42
22.6600 1.25
22.6700 0.95
22.6800 1.32
22.6900 1.49
22.7000 1.34
22.7100 1.55
22.7200 2.43
22.7300 2.62
22.7400 2.32
22.7500 2.96
22.7600 2.46
22.7700 1.59
22.7800 1.52
22.7900 1.42
22.8000 1.70
22.8100 1.81
22.8200 2.14
22.8300 2.51
22.8400 2.50
22.8500 2.63
22.8600 2.23
22.8700 1.95
22.8800 1.70
22.8900 1.30
22.9000 1.22
22.9100 1.12
22.9200 1.14
22.9300 1.11
22.9400 0.90
22.9500 0.82
22.9600 1.08
22.9700 1.04
22.9800 1.39
22.9900 1.84
23.0000 1.56
23.0100 1.54
23.0200 1.22
23.0300 0.79
23.0400 1.16
23.0500 1.25
23.0600 1.45
23.0700 1.87
23.0800 2.25
23.0900 2.43
23.1000 2.21
23.1100 2.40
23.1200 2.33
23.1300 1.99
23.1400 1.76
23.1500 1.75
23.1600 1.76
23.1700 1.54
23.1800 1.91
23.1900 2.21
23.2000 2.01
23.2100 2.12
23.2200 2.19
23.2300 1.97
23.2400 2.16
23.2500 2.43
23.2600 2.41
23.2700 2.45
23.2800 2.89
23.2900 3.07
23.3000 2.60
23.3100 2.71
23.3200 2.61
23.3300 2.02
23.3400 2.32
23.3500 2.66
23.3600 2.39
23.3700 2.38
23.3800 2.28
23.3900 1.96
23.4000 2.25
23.4100 2.45
23.4200 2.44
23.4300 2.62
23.4400 2.52
23.4500 2.35
23.4600 2.15
23.4700 2.02
23.4800 1.79
23.4900 1.54
23.5000 1.79
23.5100 1.81
23.5200 1.54
23.5300 1.65
23.5400 1.38
23.5500 0.92
23.5600 1.29
23.5700 1.43
23.5800 1.31
23.5900 1.54
23.6000 1.61
23.6100 1.41
23.6200 1.53
23.6300 1.76
23.6400 1.75
23.6500 1.76
23.6600 1.62
23.6700 1.54
23.6800 1.25
23.6900 1.01
23.7000 0.96
23.7100 0.77
23.7200 0.96
23.7300 1.10
23.7400 1.11
23.7500 1.23
23.7600 1.39
23.7700 1.41
23.7800 1.69
23.7900 1.98
23.8000 1.92
23.8100 2.02
23.8200 1.85
23.8300 1.65
23.8400 1.71
23.8500 1.67
23.8600 1.62
23.8700 1.69
23.8800 1.87
23.8900 1.89
23.9000 1.56
23.9100 1.56
23.9200 1.47
23.9300 1.09
23.9400 1.03
23.9500 1.09
23.9600 1.05
23.9700 0.94
23.9800 1.42
23.9900 1.68
24.0000 1.51
24.0100 1.78
24.0200 1.65
24.0300 1.28
24.0400 1.05
24.0500 0.99
24.0600 1.38
24.0700 1.38
24.0800 1.28
24.0900 1.62
24.1000 1.20
24.1100 0.73
24.1200 1.10
24.1300 1.10
24.1400 0.83
24.1500 1.06
24.1600 1.41
24.1700 1.20
24.1800 1.74
24.1900 2.48
24.2000 2.91
24.2100 3.30
24.2200 2.54
24.2300 2.40
24.2400 2.30
24.2500 1.56
24.2600 1.24
24.2700 1.35
24.2800 1.28
24.2900 0.86
24.3000 0.79
24.3100 0.89
24.3200 0.97
24.3300 0.89
24.3400 1.56
24.3500 2.02
24.3600 1.90
24.3700 2.29
24.3800 3.03
24.3900 3.09
24.4000 2.86
24.4100 3.46
24.4200 3.75
24.4300 3.36
24.4400 2.64
24.4500 2.76
24.4600 2.92
24.4700 2.22
24.4800 2.12
24.4900 2.58
24.5000 2.63
24.5100 2.33
24.5200 2.24
24.5300 2.40
24.5400 1.95
24.5500 1.56
24.5600 1.65
24.5700 1.44
24.5800 2.21
24.5900 2.79
24.6000 2.56
24.6100 2.94
24.6200 2.70
24.6300 2.18
24.6400 2.03
24.6500 1.99
24.6600 1.44
24.6700 1.04
24.6800 1.06
24.6900 0.73
24.7000 0.66
24.7100 0.81
24.7200 1.01
24.7300 0.96
24.7400 0.97
24.7500 1.21
24.7600 1.19
24.7700 1.08
24.7800 0.98
24.7900 0.97
24.8000 1.18
24.8100 1.19
24.8200 1.35
24.8300 1.63
24.8400 1.68
24.8500 1.71
24.8600 1.83
24.8700 1.92
24.8800 1.78
24.8900 1.78
24.9000 1.54
24.9100 1.27
24.9200 1.49
24.9300 1.48
24.9400 1.42
24.9500 1.61
24.9600 1.82
24.9700 1.77
24.9800 1.79
24.9900 2.03
25.0000 2.02
25.0100 1.92
25.0200 1.63
25.0300 1.54
25.0400 1.46
25.0500 1.20
25.0600 1.28
25.0700 1.39
25.0800 1.52
25.0900 1.61
25.1000 1.64
25.1100 1.73
25.1200 1.61
25.1300 1.53
25.1400 1.34
25.1500 1.17
25.1600 1.28
25.1700 1.23
25.1800 1.32
25.1900 1.50
25.2000 1.39
25.2100 1.33
25.2200 1.31
25.2300 1.22
25.2400 1.36
25.2500 1.46
25.2600 1.67
25.2700 1.87
25.2800 1.64
25.2900 1.64
25.3000 1.55
25.3100 1.28
25.3200 1.33
25.3300 1.40
25.3400 1.28
25.3500 1.23
25.3600 1.93
25.3700 2.20
25.3800 2.39
25.3900 3.06
25.4000 2.78
25.4100 2.50
25.4200 2.40
25.4300 2.20
25.4400 2.16
25.4500 2.13
25.4600 1.76
25.4700 1.55
25.4800 1.60
25.4900 1.35
25.5000 1.23
25.5100 1.33
25.5200 1.43
25.5300 1.30
25.5400 1.61
25.5500 1.94
25.5600 2.14
25.5700 2.39
25.5800 2.58
25.5900 2.75
25.6000 2.67
25.6100 2.74
25.6200 2.28
25.6300 1.94
25.6400 1.77
25.6500 1.40
25.6600 1.99
25.6700 2.31
25.6800 2.15
25.6900 2.50
25.7000 1.82
25.7100 1.15
25.7200 0.98
25.7300 0.56
25.7400 0.56
25.7500 0.61
25.7600 0.70
25.7700 0.73
25.7800 0.87
25.7900 1.02
25.8000 1.06
25.8100 1.14
25.8200 1.02
25.8300 0.96
25.8400 1.20
25.8500 1.24
25.8600 1.89
25.8700 2.44
25.8800 2.72
25.8900 3.24
25.9000 2.97
25.9100 2.87
25.9200 3.26
25.9300 3.24
25.9400 2.47
25.9500 2.49
25.9600 2.19
25.9700 1.27
25.9800 1.53
25.9900 1.83
26.0000 1.53
26.0100 1.50
26.0200 1.80
26.0300 1.67
26.0400 1.96
26.0500 2.46
26.0600 1.98
26.0700 1.78
26.0800 1.51
26.0900 0.99
26.1000 1.07
26.1100 1.08
26.1200 0.99
26.1300 1.00
26.1400 0.90
26.1500 0.74
26.1600 0.85
26.1700 0.89
26.1800 1.17
26.1900 1.41
26.2000 1.35
26.2100 1.48
26.2200 1.73
26.2300 1.72
26.2400 1.57
26.2500 1.74
26.2600 1.42
26.2700 1.02
26.2800 1.20
26.2900 1.17
26.3000 1.03
26.3100 1.17
26.3200 1.47
26.3300 1.42
26.3400 1.66
26.3500 2.12
26.3600 1.76
26.3700 1.60
26.3800 1.45
26.3900 1.09
26.4000 1.08
26.4100 1.10
26.4200 1.51
26.4300 1.69
26.4400 1.59
26.4500 1.86
26.4600 1.57
26.4700 1.19
26.4800 1.26
26.4900 1.21
26.5000 1.65
26.5100 1.97
26.5200 2.07
26.5300 2.39
26.5400 2.13
26.5500 1.94
26.5600 1.67
26.5700 1.38
26.5800 1.34
26.5900 1.21
26.6000 1.21
26.6100 1.24
26.6200 1.62
26.6300 1.80
26.6400 1.66
26.6500 1.89
26.6600 1.69
26.6700 1.34
26.6800 1.34
26.6900 1.31
26.7000 1.49
26.7100 1.60
26.7200 1.83
26.7300 2.08
26.7400 2.37
26.7500 2.62
26.7600 2.14
26.7700 2.05
26.7800 1.66
26.7900 1.02
26.8000 0.98
26.8100 0.88
26.8200 0.77
26.8300 0.72
26.8400 1.30
26.8500 1.50
26.8600 1.91
26.8700 2.58
26.8800 2.46
26.8900 2.46
26.9000 1.91
26.9100 1.51
26.9200 1.67
26.9300 1.40
26.9400 1.29
26.9500 1.54
26.9600 1.57
26.9700 1.35
26.9800 1.62
26.9900 1.89
27.0000 2.20
27.0100 2.49
27.0200 2.59
27.0300 2.80
27.0400 2.55
27.0500 2.41
27.0600 2.37
27.0700 2.17
27.0800 2.01
27.0900 2.00
27.1000 1.67
27.1100 1.35
27.1200 1.35
27.1300 1.17
27.1400 0.99
27.1500 0.99
27.1600 1.11
27.1700 1.00
27.1800 1.12
27.1900 1.37
27.2000 1.27
27.2100 1.23
27.2200 1.36
27.2300 1.35
27.2400 1.24
27.2500 1.32
27.2600 1.40
27.2700 1.29
27.2800 1.66
27.2900 1.98
27.3000 1.65
27.3100 1.69
27.3200 1.49
27.3300 1.04
27.3400 0.93
27.3500 0.91
27.3600 1.12
27.3700 1.14
27.3800 1.06
27.3900 1.22
27.4000 2.21
27.4100 2.54
27.4200 2.03
27.4300 2.60
27.4400 2.22
27.4500 1.23
27.4600 1.02
27.4700 1.03
27.4800 1.06
27.4900 0.85
27.5000 0.97
27.5100 1.16
27.5200 1.08
27.5300 1.06
27.5400 1.26
27.5500 1.28
27.5600 1.18
27.5700 1.32
27.5800 1.04
27.5900 0.74
27.6000 0.91
27.6100 0.86
27.6200 0.79
27.6300 0.94
27.6400 1.09
27.6500 1.01
27.6600 1.24
27.6700 1.55
27.6800 1.85
27.6900 2.08
27.7000 2.12
27.7100 2.33
27.7200 1.91
27.7300 1.63
27.7400 1.61
27.7500 1.32
27.7600 1.28
27.7700 1.39
27.7800 1.36
27.7900 1.25
27.8000 1.95
27.8100 2.32
27.8200 2.65
27.8300 3.33
27.8400 3.04
27.8500 2.88
27.8600 2.49
27.8700 2.07
27.8800 1.86
27.8900 1.56
27.9000 1.44
27.9100 1.31
27.9200 1.24
27.9300 1.14
27.9400 1.09
27.9500 1.04
27.9600 1.11
27.9700 1.12
27.9800 1.10
27.9900 1.16
28.0000 0.96
28.0100 0.81
28.0200 1.41
28.0300 1.58
28.0400 1.32
28.0500 1.70
28.0600 1.66
28.0700 1.19
28.0800 1.68
28.0900 2.12
28.1000 1.68
28.1100 1.73
28.1200 1.76
28.1300 1.31
28.1400 1.11
28.1500 1.27
28.1600 1.34
28.1700 1.08
28.1800 0.95
28.1900 1.07
28.2000 1.45
28.2100 1.45
28.2200 1.46
28.2300 1.85
28.2400 1.51
28.2500 1.16
28.2600 1.32
28.2700 1.23
28.2800 1.15
28.2900 1.30
28.3000 1.09
28.3100 0.81
28.3200 1.00
28.3300 1.01
28.3400 0.99
28.3500 1.16
28.3600 1.05
28.3700 0.90
28.3800 1.86
28.3900 2.31
28.4000 1.75
28.4100 2.20
28.4200 1.97
28.4300 1.06
28.4400 1.04
28.4500 1.25
28.4600 1.20
28.4700 1.06
28.4800 1.03
28.4900 1.04
28.5000 2.65
28.5100 3.43
28.5200 2.49
28.5300 3.25
28.5400 2.36
28.5500 0.59
28.5600 0.81
28.5700 0.90
28.5800 0.91
28.5900 1.07
28.6000 1.06
28.6100 0.97
28.6200 0.94
28.6300 0.96
28.6400 1.17
28.6500 1.25
28.6600 1.05
28.6700 1.13
28.6800 1.56
28.6900 1.54
28.7000 1.46
28.7100 1.87
28.7200 2.08
28.7300 1.90
28.7400 1.74
28.7500 1.96
28.7600 2.15
28.7700 1.98
28.7800 1.66
28.7900 1.78
28.8000 1.67
28.8100 1.25
28.8200 1.19
28.8300 1.26
28.8400 1.17
28.8500 1.02
28.8600 1.16
28.8700 1.20
28.8800 1.30
28.8900 1.46
28.9000 1.31
28.9100 1.26
28.9200 1.45
28.9300 1.43
28.9400 1.18
28.9500 1.26
28.9600 1.94
28.9700 2.00
28.9800 1.84
28.9900 2.42
29.0000 2.68
29.0100 2.37
29.0200 2.62
29.0300 3.17
29.0400 2.71
29.0500 2.46
29.0600 2.05
29.0700 1.50
29.0800 1.36
29.0900 1.15
29.1000 1.06
29.1100 0.98
29.1200 1.17
29.1300 1.21
29.1400 0.92
29.1500 0.95
29.1600 1.07
29.1700 0.83
29.1800 1.06
29.1900 1.42
29.2000 1.53
29.2100 1.64
29.2200 1.92
29.2300 2.11
29.2400 2.07
29.2500 2.24
29.2600 2.18
29.2700 2.04
29.2800 2.11
29.2900 2.17
29.3000 2.73
29.3100 3.06
29.3200 2.96
29.3300 3.31
29.3400 2.92
29.3500 2.46
29.3600 2.31
29.3700 2.08
29.3800 2.04
29.3900 1.99
29.4000 1.88
29.4100 1.80
29.4200 1.75
29.4300 1.65
29.4400 1.64
29.4500 1.65
29.4600 1.32
29.4700 1.15
29.4800 1.05
29.4900 0.77
29.5000 0.83
29.5100 0.91
29.5200 1.02
29.5300 1.09
29.5400 1.51
29.5500 1.79
29.5600 1.90
29.5700 2.23
29.5800 1.69
29.5900 1.35
29.6000 1.57
29.6100 1.30
29.6200 1.53
29.6300 2.00
29.6400 1.84
29.6500 1.75
29.6600 1.92
29.6700 1.89
29.6800 1.65
29.6900 1.71
29.7000 1.68
29.7100 1.40
29.7200 2.22
29.7300 2.75
29.7400 3.32
29.7500 4.17
29.7600 4.19
29.7700 4.34
29.7800 3.08
29.7900 2.38
29.8000 2.26
29.8100 1.27
29.8200 1.39
29.8300 1.81
29.8400 1.70
29.8500 1.54
29.8600 1.56
29.8700 1.52
29.8800 1.58
29.8900 1.65
29.9000 1.59
29.9100 1.59
29.9200 1.40
29.9300 1.25
29.9400 1.13
29.9500 0.96
29.9600 1.06
29.9700 1.07
29.9800 1.27
29.9900 1.46
30.0000 1.76
30.0100 2.01
30.0200 2.00
30.0300 2.17
30.0400 2.38
30.0500 2.40
30.0600 1.96
30.0700 1.94
30.0800 1.83
30.0900 1.33
30.1000 1.37
30.1100 1.52
30.1200 1.43
30.1300 1.35
30.1400 1.38
30.1500 1.34
30.1600 1.45
30.1700 1.55
30.1800 1.44
30.1900 1.44
30.2000 1.89
30.2100 2.00
30.2200 1.64
30.2300 1.85
30.2400 1.66
30.2500 1.09
30.2600 1.29
30.2700 1.48
30.2800 1.43
30.2900 1.50
30.3000 1.60
30.3100 1.56
30.3200 1.57
30.3300 1.69
30.3400 1.64
30.3500 1.56
30.3600 1.58
30.3700 1.58
30.3800 1.60
30.3900 1.63
30.4000 1.90
30.4100 2.04
30.4200 2.54
30.4300 2.99
30.4400 3.27
30.4500 3.69
30.4600 3.34
30.4700 3.23
30.4800 2.64
30.4900 2.04
30.5000 1.62
30.5100 1.11
30.5200 1.27
30.5300 1.19
30.5400 1.14
30.5500 1.31
30.5600 1.53
30.5700 1.50
30.5800 1.52
30.5900 1.76
30.6000 2.17
30.6100 2.27
30.6200 2.28
30.6300 2.65
30.6400 2.72
30.6500 2.59
30.6600 2.77
30.6700 3.00
30.6800 2.70
30.6900 2.60
30.7000 3.36
30.7100 3.48
30.7200 2.97
30.7300 3.41
30.7400 2.85
30.7500 1.84
30.7600 1.66
30.7700 1.51
30.7800 1.47
30.7900 1.34
30.8000 1.38
30.8100 1.43
30.8200 2.59
30.8300 3.19
30.8400 2.76
30.8500 3.42
30.8600 3.05
30.8700 2.11
30.8800 1.94
30.8900 1.96
30.9000 1.96
30.9100 1.78
30.9200 1.69
30.9300 1.73
30.9400 1.86
30.9500 1.81
30.9600 2.00
30.9700 2.24
30.9800 1.87
30.9900 1.75
31.0000 1.87
31.0100 1.62
31.0200 1.29
31.0300 1.36
31.0400 1.28
31.0500 0.87
31.0600 0.83
31.0700 0.94
31.0800 1.03
31.0900 0.98
31.1000 1.23
31.1100 1.46
31.1200 1.46
31.1300 1.58
31.1400 1.49
31.1500 1.38
31.1600 1.44
31.1700 1.43
31.1800 1.21
31.1900 1.16
31.2000 1.82
31.2100 1.95
31.2200 2.53
31.2300 3.42
31.2400 2.87
31.2500 2.74
31.2600 2.05
31.2700 1.23
31.2800 1.23
31.2900 0.96
31.3000 1.08
31.3100 1.29
31.3200 1.27
31.3300 1.29
31.3400 1.40
31.3500 1.44
31.3600 1.55
31.3700 1.70
31.3800 1.85
31.3900 1.96
31.4000 1.86
31.4100 1.90
31.4200 1.62
31.4300 1.35
31.4400 1.62
31.4500 1.60
31.4600 1.97
31.4700 2.44
31.4800 2.24
31.4900 2.28
31.5000 2.02
31.5100 1.67
31.5200 1.57
31.5300 1.44
31.5400 1.41
31.5500 1.36
31.5600 1.38
31.5700 1.38
31.5800 1.40
31.5900 1.44
31.6000 1.39
31.6100 1.38
31.6200 1.29
31.6300 1.22
31.6400 1.31
31.6500 1.31
31.6600 2.09
31.6700 2.58
31.6800 2.56
31.6900 3.08
31.7000 2.71
31.7100 2.25
31.7200 2.73
31.7300 2.84
31.7400 2.97
31.7500 3.47
31.7600 3.46
31.7700 3.33
31.7800 2.73
31.7900 2.48
31.8000 2.46
31.8100 1.97
31.8200 1.67
31.8300 1.75
31.8400 1.65
31.8500 1.27
31.8600 1.38
31.8700 1.52
31.8800 1.58
31.8900 1.64
31.9000 2.01
31.9100 2.22
31.9200 2.64
31.9300 3.12
31.9400 2.38
31.9500 2.19
31.9600 3.44
31.9700 3.42
31.9800 2.59
31.9900 3.44
32.0000 3.94
32.0100 2.93
32.0200 2.61
32.0300 3.46
32.0400 3.04
32.0500 2.09
32.0600 1.72
32.0700 1.59
32.0800 1.79
32.0900 1.58
32.1000 1.71
32.1100 2.08
32.1200 2.04
32.1300 1.96
32.1400 2.13
32.1500 2.21
32.1600 2.12
32.1700 2.19
32.1800 2.43
32.1900 2.41
32.2000 2.96
32.2100 3.48
32.2200 2.98
32.2300 3.01
32.2400 2.89
32.2500 2.31
32.2600 2.00
32.2700 2.01
32.2800 2.10
32.2900 1.83
32.3000 1.56
32.3100 1.65
32.3200 1.77
32.3300 1.51
32.3400 1.56
32.3500 1.84
32.3600 2.17
32.3700 2.24
32.3800 1.98
32.3900 2.15
32.4000 2.89
32.4100 2.92
32.4200 2.16
32.4300 2.51
32.4400 2.30
32.4500 1.26
32.4600 1.26
32.4700 1.57
32.4800 1.60
32.4900 1.46
32.5000 1.96
32.5100 2.31
32.5200 2.70
32.5300 3.23
32.5400 2.60
32.5500 2.42
32.5600 2.50
32.5700 2.00
32.5800 2.06
32.5900 2.42
32.6000 2.29
32.6100 2.10
32.6200 1.89
32.6300 1.75
32.6400 2.01
32.6500 2.00
32.6600 2.11
32.6700 2.44
32.6800 2.26
32.6900 2.12
32.7000 1.89
32.7100 1.67
32.7200 1.50
32.7300 1.30
32.7400 1.59
32.7500 1.66
32.7600 1.43
32.7700 1.57
32.7800 2.16
32.7900 2.17
32.8000 1.83
32.8100 2.25
32.8200 2.08
32.8300 1.44
32.8400 1.71
32.8500 1.99
32.8600 1.75
32.8700 1.76
32.8800 1.73
32.8900 1.48
32.9000 1.50
32.9100 1.61
32.9200 1.70
32.9300 1.71
32.9400 1.34
32.9500 1.24
32.9600 2.63
32.9700 3.00
32.9800 2.27
32.9900 3.10
33.0000 2.92
33.0100 1.68
33.0200 1.93
33.0300 2.50
33.0400 2.71
33.0500 2.77
33.0600 3.00
33.0700 3.27
33.0800 3.11
33.0900 3.10
33.1000 2.38
33.1100 1.85
33.1200 1.69
33.1300 1.15
33.1400 1.04
33.1500 1.09
33.1600 1.36
33.1700 1.35
33.1800 1.27
33.1900 1.49
33.2000 1.65
33.2100 1.53
33.2200 1.52
33.2300 1.73
33.2400 1.82
33.2500 1.75
33.2600 1.56
33.2700 1.58
33.2800 1.75
33.2900 1.63
33.3000 1.62
33.3100 1.84
33.3200 1.62
33.3300 1.39
33.3400 1.32
33.3500 1.19
33.3600 1.26
33.3700 1.30
33.3800 1.40
33.3900 1.50
33.4000 1.69
33.4100 1.83
33.4200 1.58
33.4300 1.58
33.4400 2.06
33.4500 2.06
33.4600 2.21
33.4700 2.77
33.4800 2.80
33.4900 2.68
33.5000 2.46
33.5100 2.43
33.5200 2.42
33.5300 2.21
33.5400 2.44
33.5500 2.67
33.5600 2.35
33.5700 2.33
33.5800 1.93
33.5900 1.44
33.6000 1.36
33.6100 1.18
33.6200 1.69
33.6300 1.96
33.6400 2.32
33.6500 2.88
33.6600 2.41
33.6700 2.27
33.6800 2.20
33.6900 1.77
33.7000 1.74
33.7100 1.86
33.7200 2.28
33.7300 2.40
33.7400 1.96
33.7500 2.11
33.7600 2.87
33.7700 2.75
33.7800 2.45
33.7900 3.12
33.8000 3.86
33.8100 3.59
33.8200 2.76
33.8300 3.21
33.8400 3.28
33.8500 2.25
33.8600 1.81
33.8700 2.17
33.8800 1.87
33.8900 1.10
33.9000 1.40
33.9100 1.63
33.9200 1.56
33.9300 1.69
33.9400 1.41
33.9500 1.12
33.9600 1.29
33.9700 1.23
33.9800 1.27
33.9900 1.49
34.0000 1.56
34.0100 1.52
34.0200 1.40
34.0300 1.44
34.0400 1.80
34.0500 1.85
34.0600 2.10
34.0700 2.56
34.0800 3.11
34.0900 3.40
34.1000 3.51
34.1100 3.97
34.1200 3.89
34.1300 3.73
34.1400 2.88
34.1500 2.45
34.1600 2.48
34.1700 1.86
34.1800 2.08
34.1900 2.52
34.2000 2.29
34.2100 2.16
34.2200 1.95
34.2300 1.67
34.2400 2.37
34.2500 2.65
34.2600 2.79
34.2700 3.42
34.2800 2.69
34.2900 2.15
34.3000 2.12
34.3100 1.66
34.3200 1.54
34.3300 1.69
34.3400 1.65
34.3500 1.44
34.3600 1.46
34.3700 1.54
34.3800 1.18
34.3900 0.99
34.4000 0.99
34.4100 0.74
34.4200 1.16
34.4300 1.50
34.4400 1.31
34.4500 1.47
34.4600 1.38
34.4700 1.07
34.4800 1.19
34.4900 1.32
34.5000 1.17
34.5100 1.15
34.5200 1.25
34.5300 1.16
34.5400 1.23
34.5500 1.41
34.5600 1.56
34.5700 1.61
34.5800 1.78
34.5900 1.99
34.6000 1.98
34.6100 2.04
34.6200 2.03
34.6300 1.98
34.6400 1.65
34.6500 1.50
34.6600 1.71
34.6700 1.56
34.6800 1.80
34.6900 2.22
34.7000 1.78
34.7100 1.59
34.7200 1.73
34.7300 1.45
34.7400 1.29
34.7500 1.48
34.7600 1.94
34.7700 1.91
34.7800 1.87
34.7900 2.33
34.8000 2.16
34.8100 1.81
34.8200 1.64
34.8300 1.56
34.8400 1.51
34.8500 1.36
34.8600 1.66
34.8700 1.84
34.8800 1.64
34.8900 1.75
34.9000 1.51
34.9100 1.14
34.9200 1.14
34.9300 1.08
34.9400 1.12
34.9500 1.15
34.9600 1.25
34.9700 1.30
34.9800 1.42
34.9900 1.54
35.0000 1.62
35.0100 1.72
35.0200 1.64
35.0300 1.64
35.0400 1.63
35.0500 1.55
35.0600 1.38
35.0700 1.33
35.0800 1.71
35.0900 1.76
35.1000 1.62
35.1100 1.91
35.1200 2.18
35.1300 2.04
35.1400 1.82
35.1500 2.06
35.1600 2.16
35.1700 1.88
35.1800 1.55
35.1900 1.63
35.2000 1.73
35.2100 1.42
35.2200 1.39
35.2300 1.64
35.2400 1.97
35.2500 1.99
35.2600 2.35
35.2700 2.86
35.2800 2.68
35.2900 2.71
35.3000 2.22
35.3100 1.79
35.3200 1.59
35.3300 1.23
35.3400 2.21
35.3500 2.70
35.3600 2.66
35.3700 3.39
35.3800 2.83
35.3900 2.15
35.4000 2.27
35.4100 2.12
35.4200 2.49
35.4300 2.88
35.4400 2.41
35.4500 2.35
35.4600 2.05
35.4700 1.46
35.4800 1.70
35.4900 1.83
35.5000 2.06
35.5100 2.37
35.5200 2.28
35.5300 2.33
35.5400 2.82
35.5500 2.96
35.5600 2.22
35.5700 2.27
35.5800 2.00
35.5900 1.09
35.6000 1.17
35.6100 1.38
35.6200 1.32
35.6300 1.25
35.6400 1.75
35.6500 1.97
35.6600 1.50
35.6700 1.65
35.6800 1.90
35.6900 1.48
35.7000 1.25
35.7100 1.60
35.7200 1.74
35.7300 1.42
35.7400 1.42
35.7500 1.72
35.7600 1.62
35.7700 1.41
35.7800 1.49
35.7900 1.52
35.8000 1.82
35.8100 2.03
35.8200 2.58
35.8300 3.04
35.8400 2.84
35.8500 3.05
35.8600 2.77
35.8700 2.31
35.8800 2.01
35.8900 1.79
35.9000 1.94
35.9100 1.81
35.9200 1.75
35.9300 1.94
35.9400 1.93
35.9500 1.78
35.9600 1.70
35.9700 1.73
35.9800 1.75
35.9900 1.66
36.0000 2.16
36.0100 2.48
36.0200 2.25
36.0300 2.49
36.0400 2.14
36.0500 1.63
36.0600 4.80
36.0700 6.29
36.0800 4.54
36.0900 6.09
36.1000 4.69
36.1100 1.47
36.1200 1.41
36.1300 1.60
36.1400 1.33
36.1500 1.04
36.1600 1.39
36.1700 1.44
36.1800 1.81
36.1900 2.32
36.2000 2.51
36.2100 2.72
36.2200 2.28
36.2300 2.15
36.2400 2.35
36.2500 2.07
36.2600 1.51
36.2700 1.56
36.2800 1.74
36.2900 1.23
36.3000 1.25
36.3100 1.69
36.3200 1.69
36.3300 1.50
36.3400 1.42
36.3500 1.48
36.3600 1.35
36.3700 1.18
36.3800 1.15
36.3900 1.10
36.4000 1.58
36.4100 1.83
36.4200 1.98
36.4300 2.42
36.4400 2.24
36.4500 2.09
36.4600 4.32
36.4700 5.33
36.4800 4.11
36.4900 5.21
36.5000 3.76
36.5100 1.26
36.5200 1.38
36.5300 1.24
36.5400 1.05
36.5500 1.14
36.5600 1.22
36.5700 1.03
36.5800 1.13
36.5900 1.36
36.6000 1.26
36.6100 1.21
36.6200 1.21
36.6300 1.14
36.6400 1.05
36.6500 1.03
36.6600 1.05
36.6700 0.97
36.6800 1.25
36.6900 1.45
36.7000 1.55
36.7100 1.79
36.7200 1.52
36.7300 1.37
36.7400 1.22
36.7500 0.95
36.7600 0.98
36.7700 0.99
36.7800 1.23
36.7900 1.38
36.8000 1.33
36.8100 1.48
36.8200 1.26
36.8300 1.02
36.8400 1.21
36.8500 1.20
36.8600 1.12
36.8700 1.28
36.8800 1.44
36.8900 1.36
36.9000 1.49
36.9100 1.75
36.9200 1.69
36.9300 1.66
36.9400 1.70
36.9500 1.67
36.9600 1.88
36.9700 2.04
36.9800 1.91
36.9900 1.97
37.0000 1.75
37.0100 1.48
37.0200 1.33
37.0300 1.18
37.0400 1.22
37.0500 1.18
37.0600 1.42
37.0700 1.60
37.0800 1.75
37.0900 1.97
37.1000 2.11
37.1100 2.22
37.1200 2.24
37.1300 2.34
37.1400 1.85
37.1500 1.58
37.1600 1.48
37.1700 1.07
37.1800 1.12
37.1900 1.24
37.2000 1.27
37.2100 1.26
37.2200 1.44
37.2300 1.56
37.2400 1.57
37.2500 1.70
37.2600 1.86
37.2700 1.89
37.2800 2.22
37.2900 2.53
37.3000 2.18
37.3100 2.19
37.3200 2.17
37.3300 1.82
37.3400 1.82
37.3500 1.98
37.3600 2.08
37.3700 2.05
37.3800 2.14
37.3900 2.31
37.4000 2.26
37.4100 2.24
37.4200 1.79
37.4300 1.52
37.4400 1.35
37.4500 0.96
37.4600 0.87
37.4700 0.85
37.4800 0.85
37.4900 0.77
37.5000 0.85
37.5100 0.94
37.5200 1.05
37.5300 1.15
37.5400 1.23
37.5500 1.34
37.5600 1.48
37.5700 1.58
37.5800 1.55
37.5900 1.63
37.6000 1.43
37.6100 1.26
37.6200 1.13
37.6300 0.96
37.6400 0.90
37.6500 0.84
37.6600 0.77
37.6700 0.71
37.6800 0.65
37.6900 0.58
37.7000 0.61
37.7100 0.61
37.7200 0.78
37.7300 0.91
37.7400 1.17
37.7500 1.41
37.7600 1.63
37.7700 1.89
37.7800 1.40
37.7900 1.25
37.8000 1.41
37.8100 1.08
37.8200 1.08
37.8300 1.42
37.8400 1.36
37.8500 1.18
37.8600 1.15
37.8700 1.18
37.8800 1.18
37.8900 1.14
37.9000 1.16
37.9100 1.19
37.9200 1.17
37.9300 1.17
37.9400 1.19
37.9500 1.19
37.9600 1.37
37.9700 1.50
37.9800 1.39
37.9900 1.46
38.0000 1.68
38.0100 1.65
38.0200 1.54
38.0300 1.73
38.0400 1.61
38.0500 1.36
38.0600 1.38
38.0700 1.40
38.0800 1.46
38.0900 1.50
38.1000 1.41
38.1100 1.40
38.1200 1.45
38.1300 1.39
38.1400 1.41
38.1500 1.50
38.1600 1.69
38.1700 1.77
38.1800 1.61
38.1900 1.69
38.2000 1.69
38.2100 1.51
38.2200 1.22
38.2300 1.17
38.2400 1.15
38.2500 0.87
38.2600 0.89
38.2700 1.02
38.2800 0.85
38.2900 0.73
38.3000 0.88
38.3100 0.86
38.3200 0.76
38.3300 0.88
38.3400 0.96
38.3500 0.84
38.3600 1.08
38.3700 1.34
38.3800 1.48
38.3900 1.66
38.4000 1.48
38.4100 1.44
38.4200 2.08
38.4300 2.24
38.4400 1.84
38.4500 2.21
38.4600 2.06
38.4700 1.40
38.4800 1.61
38.4900 1.90
38.5000 1.86
38.5100 1.91
38.5200 1.66
38.5300 1.47
38.5400 1.67
38.5500 1.61
38.5600 1.40
38.5700 1.52
38.5800 1.43
38.5900 1.10
38.6000 1.13
38.6100 1.21
38.6200 1.11
38.6300 1.05
38.6400 0.91
38.6500 0.77
38.6600 0.75
38.6700 0.67
38.6800 0.81
38.6900 0.91
38.7000 1.45
38.7100 1.82
38.7200 2.18
38.7300 2.72
38.7400 2.24
38.7500 2.08
38.7600 1.55
38.7700 0.88
38.7800 0.77
38.7900 0.52
38.8000 0.60
38.8100 0.66
38.8200 0.77
38.8300 0.88
38.8400 0.89
38.8500 0.95
38.8600 1.09
38.8700 1.14
38.8800 1.05
38.8900 1.12
38.9000 0.99
38.9100 0.80
38.9200 0.75
38.9300 0.69
38.9400 0.73
38.9500 0.73
38.9600 0.95
38.9700 1.10
38.9800 1.46
38.9900 1.78
39.0000 1.79
39.0100 1.98
39.0200 1.44
39.0300 1.08
39.0400 1.21
39.0500 0.92
39.0600 1.70
39.0700 2.37
39.0800 1.89
39.0900 2.09
39.1000 1.76
39.1100 1.02
39.1200 1.30
39.1300 1.49
39.1400 2.00
39.1500 2.44
39.1600 2.33
39.1700 2.57
39.1800 2.45
39.1900 2.16
39.2000 1.97
39.2100 1.90
39.2200 2.08
39.2300 2.02
39.2400 1.56
39.2500 1.54
39.2600 1.40
39.2700 0.88
39.2800 0.94
39.2900 1.08
39.3000 0.83
39.3100 0.69
39.3200 0.72
39.3300 0.55
39.3400 0.68
39.3500 0.86
39.3600 0.82
39.3700 0.83
39.3800 2.01
39.3900 2.54
39.4000 2.46
39.4100 3.32
39.4200 2.76
39.4300 1.97
39.4400 1.73
39.4500 1.45
39.4600 1.31
39.4700 1.14
39.4800 1.04
39.4900 0.94
39.5000 0.88
39.5100 0.81
39.5200 0.86
39.5300 0.86
39.5400 0.91
39.5500 0.98
39.5600 1.01
39.5700 1.04
39.5800 0.99
39.5900 0.99
39.6000 0.91
39.6100 0.84
39.6200 0.88
39.6300 0.86
39.6400 1.01
39.6500 1.13
39.6600 0.92
39.6700 0.91
39.6800 1.56
39.6900 1.68
39.7000 1.93
39.7100 2.64
39.7200 2.29
39.7300 2.02
39.7400 1.64
39.7500 1.25
39.7600 1.11
39.7700 0.86
39.7800 0.84
39.7900 0.82
39.8000 0.84
39.8100 0.84
39.8200 0.83
39.8300 0.84
39.8400 0.90
39.8500 0.91
39.8600 0.98
39.8700 1.07
39.8800 1.39
39.8900 1.58
39.9000 1.63
39.9100 1.87
39.9200 2.03
39.9300 2.04
39.9400 3.45
39.9500 4.31
39.9600 3.52
39.9700 4.10
39.9800 2.97
39.9900 1.32
40.0000 1.27
40.0100 0.94
40.0200 0.86
40.0300 0.93
40.0400 1.19
40.0500 1.19
40.0600 0.95
40.0700 1.07
40.0800 1.00
40.0900 0.65
40.1000 0.60
40.1100 0.67
40.1200 0.93
40.1300 0.97
40.1400 1.05
40.1500 1.33
40.1600 1.11
40.1700 0.93
40.1800 0.83
40.1900 0.64
40.2000 0.86
40.2100 0.97
40.2200 1.27
40.2300 1.59
40.2400 1.35
40.2500 1.36
40.2600 1.21
40.2700 0.89
40.2800 0.88
40.2900 0.89
40.3000 1.03
40.3100 1.08
40.3200 1.15
40.3300 1.29
40.3400 1.46
40.3500 1.54
40.3600 1.24
40.3700 1.22
40.3800 1.02
40.3900 0.64
40.4000 0.80
40.4100 0.87
40.4200 1.11
40.4300 1.35
40.4400 1.39
40.4500 1.52
40.4600 1.34
40.4700 1.23
40.4800 1.08
40.4900 0.88
40.5000 0.93
40.5100 0.91
40.5200 0.86
40.5300 0.90
40.5400 0.88
40.5500 0.80
40.5600 0.78
40.5700 0.79
40.5800 0.97
40.5900 1.04
40.6000 0.98
40.6100 1.09
40.6200 1.00
40.6300 0.83
40.6400 0.85
40.6500 0.84
40.6600 0.67
40.6700 0.60
40.6800 0.77
40.6900 0.71
40.7000 0.77
40.7100 1.00
40.7200 1.40
40.7300 1.55
40.7400 1.20
40.7500 1.35
40.7600 2.15
40.7700 2.12
40.7800 3.32
40.7900 4.74
40.8000 4.07
40.8100 4.22
40.8200 3.07
40.8300 1.75
40.8400 1.49
40.8500 0.87
40.8600 0.78
40.8700 0.79
40.8800 1.25
40.8900 1.40
40.9000 1.88
40.9100 2.52
40.9200 2.36
40.9300 2.45
40.9400 2.09
40.9500 1.71
40.9600 1.43
40.9700 1.11
40.9800 1.32
40.9900 1.30
41.0000 1.29
41.0100 1.50
41.0200 1.20
41.0300 0.94
41.0400 0.95
41.0500 0.80
41.0600 0.88
41.0700 1.00
41.0800 1.14
41.0900 1.23
41.1000 1.05
41.1100 1.06
41.1200 1.17
41.1300 1.05
41.1400 1.10
41.1500 1.30
41.1600 1.39
41.1700 1.39
41.1800 1.33
41.1900 1.40
41.2000 1.29
41.2100 1.14
41.2200 1.26
41.2300 1.28
41.2400 1.28
41.2500 1.40
41.2600 1.15
41.2700 0.98
41.2800 1.06
41.2900 0.94
41.3000 0.98
41.3100 1.14
41.3200 1.02
41.3300 0.92
41.3400 0.83
41.3500 0.72
41.3600 0.74
41.3700 0.72
41.3800 0.93
41.3900 1.06
41.4000 1.17
41.4100 1.36
41.4200 1.41
41.4300 1.44
41.4400 1.33
41.4500 1.31
41.4600 1.13
41.4700 0.95
41.4800 0.92
41.4900 0.81
41.5000 0.69
41.5100 0.65
41.5200 0.69
41.5300 0.61
41.5400 1.60
41.5500 2.17
41.5600 1.93
41.5700 2.50
41.5800 2.10
41.5900 1.37
41.6000 1.46
41.6100 1.48
41.6200 1.77
41.6300 2.00
41.6400 2.46
41.6500 2.87
41.6600 2.86
41.6700 3.11
41.6800 2.78
41.6900 2.49
41.7000 2.01
41.7100 1.60
41.7200 1.93
41.7300 1.83
41.7400 1.45
41.7500 1.65
41.7600 1.50
41.7700 0.94
41.7800 0.76
41.7900 0.79
41.8000 0.96
41.8100 0.84
41.8200 0.88
41.8300 1.12
41.8400 0.99
41.8500 0.83
41.8600 0.86
41.8700 0.81
41.8800 0.81
41.8900 0.86
41.9000 0.73
41.9100 0.64
41.9200 0.75
41.9300 0.72
41.9400 3.56
41.9500 5.10
41.9600 3.98
41.9700 5.48
41.9800 4.53
41.9900 2.19
42.0000 1.91
42.0100 2.00
42.0200 1.53
42.0300 0.97
42.0400 1.26
42.0500 1.21
42.0600 1.23
42.0700 1.55
42.0800 1.48
42.0900 1.31
42.1000 1.50
42.1100 1.62
42.1200 1.32
42.1300 1.31
42.1400 1.30
42.1500 1.00
42.1600 0.92
42.1700 1.02
42.1800 1.37
42.1900 1.42
42.2000 1.76
42.2100 2.26
42.2200 2.19
42.2300 2.25
42.2400 1.88
42.2500 1.59
42.2600 1.31
42.2700 0.94
42.2800 0.95
42.2900 0.86
42.3000 0.90
42.3100 0.97
42.3200 1.01
42.3300 1.03
42.3400 0.92
42.3500 0.89
42.3600 0.82
42.3700 0.69
42.3800 0.73
42.3900 0.75
42.4000 0.86
42.4100 0.94
42.4200 1.14
42.4300 1.30
42.4400 1.31
42.4500 1.44
42.4600 1.53
42.4700 1.53
42.4800 1.71
42.4900 1.90
42.5000 1.87
42.5100 1.94
42.5200 1.68
42.5300 1.49
42.5400 1.44
42.5500 1.25
42.5600 1.21
42.5700 1.24
42.5800 1.26
42.5900 1.23
42.6000 1.13
42.6100 1.12
42.6200 0.92
42.6300 0.73
42.6400 1.19
42.6500 1.31
42.6600 1.51
42.6700 2.00
42.6800 2.19
42.6900 2.24
42.7000 1.86
42.7100 1.84
42.7200 1.78
42.7300 1.39
42.7400 1.35
42.7500 1.46
42.7600 1.68
42.7700 1.69
42.7800 1.31
42.7900 1.34
42.8000 1.14
42.8100 0.66
42.8200 0.77
42.8300 0.87
42.8400 1.09
42.8500 1.26
42.8600 1.52
42.8700 1.79
42.8800 1.92
42.8900 2.12
42.9000 2.03
42.9100 2.03
42.9200 2.13
42.9300 2.10
42.9400 2.60
42.9500 2.96
42.9600 3.21
42.9700 3.65
42.9800 3.11
42.9900 2.88
43.0000 2.33
43.0100 1.65
43.0200 1.44
43.0300 1.14
43.0400 1.18
43.0500 1.16
43.0600 1.10
43.0700 1.14
43.0800 1.01
43.0900 0.88
43.1000 1.00
43.1100 1.00
43.1200 1.06
43.1300 1.21
43.1400 1.06
43.1500 0.96
43.1600 0.96
43.1700 0.84
43.1800 1.38
43.1900 1.70
43.2000 1.61
43.2100 1.95
43.2200 1.64
43.2300 1.24
43.2400 1.75
43.2500 1.90
43.2600 1.88
43.2700 2.30
43.2800 1.84
43.2900 1.38
43.3000 1.21
43.3100 0.90
43.3200 1.03
43.3300 1.08
43.3400 0.92
43.3500 0.94
43.3600 1.01
43.3700 0.88
43.3800 1.31
43.3900 1.67
43.4000 1.90
43.4100 2.26
43.4200 1.84
43.4300 1.67
43.4400 1.38
43.4500 0.90
43.4600 0.93
43.4700 0.90
43.4800 1.03
43.4900 1.14
43.5000 1.41
43.5100 1.62
43.5200 1.44
43.5300 1.52
43.5400 1.55
43.5500 1.35
43.5600 1.43
43.5700 1.60
43.5800 1.61
43.5900 1.60
43.6000 1.41
43.6100 1.33
43.6200 1.26
43.6300 1.08
43.6400 0.94
43.6500 0.89
43.6600 0.77
43.6700 0.60
43.6800 0.56
43.6900 0.51
43.7000 0.82
43.7100 0.96
43.7200 0.98
43.7300 1.23
43.7400 0.99
43.7500 0.76
43.7600 1.03
43.7700 1.04
43.7800 0.98
43.7900 1.21
43.8000 1.15
43.8100 0.95
43.8200 0.80
43.8300 0.78
43.8400 0.84
43.8500 0.73
43.8600 0.99
43.8700 1.23
43.8800 1.23
43.8900 1.49
43.9000 0.97
43.9100 0.46
43.9200 0.46
43.9300 0.46
43.9400 0.87
43.9500 1.28
43.9600 1.15
43.9700 1.15
43.9800 1.06
43.9900 0.96
44.0000 1.00
44.0100 1.00
44.0200 1.54
44.0300 1.86
44.0400 1.97
44.0500 2.40
44.0600 5.43
44.0700 6.83
44.0800 5.30
44.0900 6.87
44.1000 5.18
44.1100 2.02
44.1200 1.52
44.1300 1.16
44.1400 1.03
44.1500 0.65
44.1600 0.67
44.1700 0.76
44.1800 0.63
44.1900 0.55
44.2000 0.77
44.2100 0.79
44.2200 0.68
44.2300 0.84
44.2400 0.92
44.2500 0.78
44.2600 0.77
44.2700 0.93
44.2800 0.85
44.2900 0.72
44.3000 0.69
44.3100 0.65
44.3200 0.72
44.3300 0.74
44.3400 0.74
44.3500 0.80
44.3600 0.79
44.3700 0.75
44.3800 0.83
44.3900 0.88
44.4000 0.75
44.4100 0.74
44.4200 0.70
44.4300 0.55
44.4400 0.80
44.4500 0.95
44.4600 1.27
44.4700 1.60
44.4800 1.64
44.4900 1.82
44.5000 1.60
44.5100 1.44
44.5200 1.26
44.5300 1.02
44.5400 0.96
44.5500 0.85
44.5600 0.90
44.5700 0.91
44.5800 0.76
44.5900 0.72
44.6000 0.99
44.6100 1.00
44.6200 0.83
44.6300 1.02
44.6400 1.07
44.6500 0.83
44.6600 0.74
44.6700 0.86
44.6800 1.04
44.6900 0.97
44.7000 1.08
44.7100 1.34
44.7200 1.08
44.7300 0.92
44.7400 0.81
44.7500 0.57
44.7600 0.57
44.7700 0.57
44.7800 0.56
44.7900 0.54
44.8000 0.70
44.8100 0.78
44.8200 0.90
44.8300 1.09
44.8400 1.08
44.8500 1.11
44.8600 0.80
44.8700 0.62
44.8800 0.59
44.8900 0.35
44.9000 0.51
44.9100 0.68
44.9200 0.70
44.9300 0.78
44.9400 1.32
44.9500 1.58
44.9600 1.34
44.9700 1.65
44.9800 1.63
44.9900 1.24
45.0000 1.20
45.0100 1.35
45.0200 1.30
45.0300 1.15
45.0400 1.13
45.0500 1.15
45.0600 1.08
45.0700 1.02
45.0800 1.03
45.0900 0.99
45.1000 0.73
45.1100 0.62
45.1200 0.63
45.1300 0.43
45.1400 0.33
45.1500 0.39
45.1600 0.51
45.1700 0.43
45.1800 0.57
45.1900 0.79
45.2000 0.75
45.2100 0.75
45.2200 0.76
45.2300 0.72
45.2400 0.83
45.2500 0.92
45.2600 0.86
45.2700 0.90
45.2800 0.91
45.2900 0.83
45.3000 0.71
45.3100 0.70
45.3200 0.89
45.3300 0.86
45.3400 0.83
45.3500 1.01
45.3600 0.81
45.3700 0.58
45.3800 3.90
45.3900 5.47
45.4000 4.11
45.4100 5.96
45.4200 4.40
45.4300 1.33
45.4400 1.40
45.4500 1.41
45.4600 1.15
45.4700 1.09
45.4800 0.93
45.4900 0.61
45.5000 0.66
45.5100 0.68
45.5200 0.72
45.5300 0.78
45.5400 0.90
45.5500 0.97
45.5600 0.95
45.5700 1.03
45.5800 1.05
45.5900 1.00
45.6000 0.86
45.6100 0.84
45.6200 0.66
45.6300 0.44
45.6400 0.79
45.6500 0.90
45.6600 0.76
45.6700 0.99
45.6800 0.98
45.6900 0.72
45.7000 0.79
45.7100 0.94
45.7200 1.03
45.7300 1.06
45.7400 0.92
45.7500 0.92
45.7600 1.02
45.7700 0.93
45.7800 0.70
45.7900 0.74
45.8000 0.70
45.8100 0.43
45.8200 4.19
45.8300 6.16
45.8400 4.24
45.8500 6.06
45.8600 7.94
45.8700 6.05
45.8800 4.33
45.8900 6.29
45.9000 4.59
45.9100 1.04
45.9200 1.09
45.9300 1.20
45.9400 1.19
45.9500 1.17
45.9600 1.42
45.9700 1.53
45.9800 3.63
45.9900 4.87
46.0000 4.87
46.0100 7.83
46.0200 4.28
46.0300 0.72
46.0400 0.71
46.0500 0.71
46.0600 3.13
46.0700 4.33
46.0800 3.22
46.0900 4.48
46.1000 3.35
46.1100 1.04
46.1200 0.91
46.1300 0.86
46.1400 0.70
46.1500 0.50
46.1600 0.46
46.1700 0.38
46.1800 0.47
46.1900 0.52
46.2000 0.68
46.2100 0.83
46.2200 1.00
46.2300 1.18
46.2400 1.27
46.2500 1.40
46.2600 1.37
46.2700 1.38
46.2800 1.20
46.2900 1.07
46.3000 1.00
46.3100 0.84
46.3200 0.84
46.3300 0.84
46.3400 1.10
46.3500 1.22
46.3600 1.22
46.3700 1.60
46.3800 2.14
46.3900 2.68
46.4000 1.57
46.4100 1.57
46.4200 1.97
46.4300 1.61
46.4400 1.38
46.4500 1.84
46.4600 1.45
46.4700 0.80
46.4800 0.93
46.4900 0.93
46.5000 1.37
46.5100 1.72
46.5200 1.62
46.5300 1.84
46.5400 1.41
46.5500 0.98
46.5600 0.95
46.5700 0.72
46.5800 0.79
46.5900 0.91
46.6000 0.85
46.6100 0.83
46.6200 0.94
46.6300 0.95
46.6400 1.00
46.6500 1.12
46.6600 1.09
46.6700 1.06
46.6800 1.15
46.6900 1.18
46.7000 1.40
46.7100 1.58
46.7200 1.26
46.7300 1.23
46.7400 1.01
46.7500 0.59
46.7600 0.80
46.7700 0.90
46.7800 1.08
46.7900 1.33
46.8000 1.35
46.8100 1.42
46.8200 1.29
46.8300 1.22
46.8400 1.03
46.8500 0.84
46.8600 0.81
46.8700 0.69
46.8800 0.75
46.8900 0.81
46.9000 0.93
46.9100 1.02
46.9200 1.10
46.9300 1.21
46.9400 1.12
46.9500 1.09
46.9600 0.98
46.9700 0.85
46.9800 1.18
46.9900 1.31
47.0000 1.15
47.0100 1.34
47.0200 1.22
47.0300 0.91
47.0400 1.04
47.0500 1.14
47.0600 1.06
47.0700 1.09
47.0800 1.28
47.0900 1.27
47.1000 1.39
47.1100 1.64
47.1200 1.49
47.1300 1.42
47.1400 1.86
47.1500 1.98
47.1600 1.65
47.1700 1.88
47.1800 2.10
47.1900 1.77
47.2000 1.67
47.2100 2.02
47.2200 1.84
47.2300 1.48
47.2400 1.50
47.2500 1.51
47.2600 1.49
47.2700 1.50
47.2800 1.55
47.2900 1.56
47.3000 1.47
47.3100 1.48
47.3200 1.40
47.3300 1.27
47.3400 1.66
47.3500 1.85
47.3600 1.47
47.3700 1.58
47.3800 1.36
47.3900 0.81
47.4000 1.55
47.4100 1.96
47.4200 2.09
47.4300 2.69
47.4400 2.65
47.4500 2.47
47.4600 2.28
47.4700 2.23
47.4800 2.19
47.4900 2.00
47.5000 2.11
47.5100 2.22
47.5200 