0.0000 0.02
0.0100 1.25
0.0200 0.68
0.0300 3.22
0.0400 3.16
0.0500 3.34
0.0600 3.36
0.0700 3.55
0.0800 1.22
0.0900 1.24
0.1000 1.25
0.1100 1.25
0.1200 1.34
0.1300 1.34
0.1400 1.65
0.1500 1.62
0.1600 1.45
0.1700 1.20
0.1800 1.03
0.1900 1.16
0.2000 1.23
0.2100 1.35
0.2200 1.35
0.2300 1.49
0.2400 1.05
0.2500 1.00
0.2600 1.05
0.2700 1.05
0.2800 1.10
0.2900 1.12
0.3000 1.15
0.3100 1.17
0.3200 1.16
0.3300 1.16
0.3400 1.14
0.3500 1.13
0.3600 1.12
0.3700 1.08
0.3800 1.03
0.3900 0.96
0.4000 0.90
0.4100 0.84
0.4200 0.81
0.4300 0.78
0.4400 0.75
0.4500 0.73
0.4600 0.71
0.4700 0.73
0.4800 0.77
0.4900 0.83
0.5000 0.87
0.5100 0.92
0.5200 0.98
0.5300 1.02
0.5400 1.08
0.5500 1.13
0.5600 1.17
0.5700 1.18
0.5800 1.17
0.5900 1.14
0.6000 1.14
0.6100 1.13
0.6200 1.13
0.6300 1.15
0.6400 1.15
0.6500 1.17
0.6600 1.19
0.6700 1.22
0.6800 1.25
0.6900 1.26
0.7000 1.25
0.7100 1.24
0.7200 1.24
0.7300 1.22
0.7400 1.21
0.7500 1.16
0.7600 1.08
0.7700 0.99
0.7800 0.91
0.7900 0.84
0.8000 0.80
0.8100 0.77
0.8200 0.73
0.8300 0.68
0.8400 0.62
0.8500 0.56
0.8600 0.52
0.8700 0.49
0.8800 0.47
0.8900 0.46
0.9000 0.46
0.9100 0.48
0.9200 0.49
0.9300 0.52
0.9400 0.55
0.9500 0.58
0.9600 0.59
0.9700 0.60
0.9800 0.61
0.9900 0.60
1.0000 0.60
1.0100 0.63
1.0200 0.70
1.0300 0.79
1.0400 0.90
1.0500 1.01
1.0600 1.15
1.0700 1.30
1.0800 1.45
1.0900 1.61
1.1000 1.79
1.1100 1.92
1.1200 1.97
1.1300 2.01
1.1400 2.00
1.1500 1.95
1.1600 1.91
1.1700 1.90
1.1800 1.85
1.1900 1.83
1.2000 1.80
1.2100 1.73
1.2200 1.67
1.2300 1.64
1.2400 1.63
1.2500 1.66
1.2600 1.69
1.2700 1.71
1.2800 1.74
1.2900 1.73
1.3000 1.72
1.3100 1.75
1.3200 1.79
1.3300 1.78
1.3400 1.79
1.3500 1.83
1.3600 1.85
1.3700 1.86
1.3800 1.89
1.3900 1.93
1.4000 1.97
1.4100 2.01
1.4200 2.06
1.4300 2.16
1.4400 2.25
1.4500 2.31
1.4600 2.43
1.4700 2.56
1.4800 2.71
1.4900 2.83
1.5000 2.91
1.5100 2.93
1.5200 2.92
1.5300 2.83
1.5400 2.83
1.5500 2.91
1.5600 2.95
1.5700 3.09
1.5800 3.34
1.5900 3.65
1.6000 4.03
1.6100 4.57
1.6200 5.23
1.6300 5.87
1.6400 6.34
1.6500 6.76
1.6600 7.13
1.6700 7.38
1.6800 7.42
1.6900 7.40
1.7000 7.39
1.7100 7.25
1.7200 6.96
1.7300 6.90
1.7400 6.92
1.7500 6.78
1.7600 6.63
1.7700 6.40
1.7800 6.24
1.7900 6.19
1.8000 6.21
1.8100 6.19
1.8200 6.23
1.8300 6.04
1.8400 5.81
1.8500 5.69
1.8600 5.74
1.8700 5.66
1.8800 5.61
1.8900 5.39
1.9000 4.98
1.9100 4.60
1.9200 4.39
1.9300 4.23
1.9400 4.11
1.9500 4.09
1.9600 3.95
1.9700 4.01
1.9800 4.04
1.9900 4.08
2.0000 4.05
2.0100 3.88
2.0200 3.56
2.0300 3.27
2.0400 3.04
2.0500 2.87
2.0600 2.84
2.0700 2.68
2.0800 2.51
2.0900 2.33
2.1000 2.19
2.1100 2.19
2.1200 2.30
2.1300 2.41
2.1400 2.50
2.1500 2.55
2.1600 2.50
2.1700 2.46
2.1800 2.46
2.1900 2.49
2.2000 2.54
2.2100 2.57
2.2200 2.61
2.2300 2.68
2.2400 2.71
2.2500 2.72
2.2600 2.67
2.2700 2.57
2.2800 2.43
2.2900 2.32
2.3000 2.26
2.3100 2.21
2.3200 2.19
2.3300 2.15
2.3400 2.11
2.3500 2.14
2.3600 2.24
2.3700 2.42
2.3800 2.60
2.3900 2.78
2.4000 2.93
2.4100 3.08
2.4200 3.20
2.4300 3.38
2.4400 3.54
2.4500 3.60
2.4600 3.59
2.4700 3.46
2.4800 3.29
2.4900 3.12
2.5000 2.99
2.5100 2.92
2.5200 2.88
2.5300 2.84
2.5400 2.81
2.5500 2.77
2.5600 2.73
2.5700 2.77
2.5800 2.73
2.5900 2.80
2.6000 2.65
2.6100 2.37
2.6200 2.06
2.6300 2.09
2.6400 2.04
2.6500 2.24
2.6600 2.83
2.6700 2.69
2.6800 2.62
2.6900 2.32
2.7000 2.06
2.7100 1.45
2.7200 1.70
2.7300 1.40
2.7400 2.19
2.7500 2.10
2.7600 2.90
2.7700 3.78
2.7800 5.15
2.7900 6.03
2.8000 8.03
2.8100 9.59
2.8200 10.81
2.8300 11.54
2.8400 11.76
2.8500 11.50
2.8600 10.73
2.8700 9.97
2.8800 8.00
2.8900 6.02
2.9000 4.46
2.9100 2.81
2.9200 1.43
2.9300 1.31
2.9400 1.54
2.9500 1.31
2.9600 1.46
2.9700 1.31
2.9800 1.49
2.9900 1.28
3.0000 1.39
3.0100 1.27
3.0200 1.31
3.0300 1.18
3.0400 2.98
3.0500 2.87
3.0600 3.00
3.0700 2.93
3.0800 3.01
3.0900 1.17
3.1000 1.39
3.1100 1.20
3.1200 1.35
3.1300 1.20
3.1400 1.37
3.1500 1.11
3.1600 1.29
3.1700 1.15
3.1800 1.28
3.1900 1.14
3.2000 1.22
3.2100 1.08
3.2200 1.34
3.2300 1.24
3.2400 1.20
3.2500 1.16
3.2600 1.41
3.2700 1.16
3.2800 1.31
3.2900 1.34
3.3000 1.93
3.3100 2.46
3.3200 3.32
3.3300 4.16
3.3400 5.24
3.3500 5.70
3.3600 6.03
3.3700 6.34
3.3800 6.67
3.3900 7.03
3.4000 6.10
3.4100 6.92
3.4200 7.81
3.4300 8.41
3.4400 8.73
3.4500 10.25
3.4600 8.75
3.4700 6.65
3.4800 4.85
3.4900 3.04
3.5000 1.75
3.5100 1.24
3.5200 1.29
3.5300 1.07
3.5400 1.45
3.5500 1.00
3.5600 1.13
3.5700 1.04
3.5800 1.27
3.5900 0.87
3.6000 0.95
3.6100 0.81
3.6200 0.90
3.6300 0.64
3.6400 0.71
3.6500 0.60
3.6600 0.80
3.6700 0.67
3.6800 0.87
3.6900 0.77
3.7000 1.88
3.7100 1.67
3.7200 2.01
3.7300 1.82
3.7400 2.21
3.7500 1.12
3.7600 1.48
3.7700 1.14
3.7800 1.78
3.7900 1.43
3.8000 1.80
3.8100 1.55
3.8200 4.02
3.8300 3.51
3.8400 3.93
3.8500 3.66
3.8600 4.32
3.8700 1.97
3.8800 2.17
3.8900 1.83
3.9000 2.72
3.9100 3.23
3.9200 3.34
3.9300 3.12
3.9400 3.93
3.9500 3.08
3.9600 2.05
3.9700 1.99
3.9800 3.06
3.9900 2.30
4.0000 2.45
4.0100 2.64
4.0200 3.63
4.0300 2.34
4.0400 2.50
4.0500 2.30
4.0600 2.83
4.0700 2.03
4.0800 1.96
4.0900 1.85
4.1000 1.89
4.1100 1.13
4.1200 1.06
4.1300 1.13
4.1400 2.48
4.1500 2.47
4.1600 2.73
4.1700 2.83
4.1800 3.62
4.1900 2.27
4.2000 2.58
4.2100 2.31
4.2200 2.94
4.2300 2.12
4.2400 2.27
4.2500 1.92
4.2600 3.31
4.2700 4.11
4.2800 5.85
4.2900 8.09
4.3000 11.09
4.3100 9.71
4.3200 8.29
4.3300 6.55
4.3400 4.49
4.3500 1.50
4.3600 1.58
4.3700 1.47
4.3800 2.20
4.3900 1.89
4.4000 2.09
4.4100 2.06
4.4200 2.46
4.4300 1.89
4.4400 1.95
4.4500 1.90
4.4600 1.96
4.4700 1.57
4.4800 1.67
4.4900 1.66
4.5000 1.52
4.5100 1.49
4.5200 1.46
4.5300 1.33
4.5400 1.12
4.5500 1.14
4.5600 1.13
4.5700 1.01
4.5800 3.33
4.5900 4.55
4.6000 3.91
4.6100 5.31
4.6200 5.77
4.6300 4.66
4.6400 3.63
4.6500 4.13
4.6600 3.14
4.6700 1.38
4.6800 3.68
4.6900 5.55
4.7000 6.05
4.7100 7.68
4.7200 6.26
4.7300 4.36
4.7400 3.84
4.7500 3.03
4.7600 3.49
4.7700 4.22
4.7800 4.57
4.7900 4.43
4.8000 4.18
4.8100 3.10
4.8200 2.11
4.8300 2.01
4.8400 2.48
4.8500 2.20
4.8600 2.26
4.8700 2.54
4.8800 2.74
4.8900 2.17
4.9000 3.06
4.9100 3.99
4.9200 3.38
4.9300 3.50
4.9400 2.55
4.9500 1.41
4.9600 1.29
4.9700 0.85
4.9800 1.41
4.9900 1.79
5.0000 1.55
5.0100 1.80
5.0200 1.47
5.0300 0.94
5.0400 1.08
5.0500 1.20
5.0600 1.32
5.0700 1.50
5.0800 1.41
5.0900 1.42
5.1000 1.48
5.1100 1.41
5.1200 1.24
5.1300 1.33
5.1400 1.68
5.1500 1.68
5.1600 1.63
5.1700 1.95
5.1800 1.96
5.1900 1.58
5.2000 1.39
5.2100 1.35
5.2200 1.25
5.2300 1.01
5.2400 0.98
5.2500 1.05
5.2600 1.60
5.2700 1.92
5.2800 1.77
5.2900 2.08
5.3000 2.35
5.3100 2.18
5.3200 2.06
5.3300 2.35
5.3400 1.99
5.3500 1.54
5.3600 1.74
5.3700 1.70
5.3800 1.54
5.3900 1.69
5.4000 1.70
5.4100 1.48
5.4200 1.42
5.4300 1.51
5.4400 1.44
5.4500 1.30
5.4600 1.47
5.4700 1.56
5.4800 1.61
5.4900 1.77
5.5000 1.71
5.5100 1.67
5.5200 1.64
5.5300 1.60
5.5400 2.69
5.5500 3.23
5.5600 2.67
5.5700 3.21
5.5800 3.96
5.5900 3.50
5.6000 2.71
5.6100 3.29
5.6200 3.11
5.6300 1.94
5.6400 1.65
5.6500 1.91
5.6600 1.72
5.6700 1.21
5.6800 1.32
5.6900 1.45
5.7000 1.26
5.7100 1.21
5.7200 1.58
5.7300 1.59
5.7400 1.30
5.7500 1.52
5.7600 1.41
5.7700 0.95
5.7800 1.03
5.7900 1.19
5.8000 0.94
5.8100 0.82
5.8200 0.95
5.8300 0.82
5.8400 0.74
5.8500 0.88
5.8600 0.80
5.8700 0.60
5.8800 0.61
5.8900 0.64
5.9000 0.60
5.9100 0.58
5.9200 0.57
5.9300 0.54
5.9400 0.55
5.9500 0.56
5.9600 0.57
5.9700 0.58
5.9800 0.57
5.9900 0.57
6.0000 0.65
6.0100 0.68
6.0200 0.58
6.0300 0.59
6.0400 0.58
6.0500 0.48
6.0600 0.77
6.0700 0.96
6.0800 0.78
6.0900 0.89
6.1000 0.72
6.1100 0.41
6.1200 0.40
6.1300 0.39
6.1400 0.70
6.1500 0.85
6.1600 0.72
6.1700 0.90
6.1800 1.04
6.1900 0.89
6.2000 1.04
6.2100 1.33
6.2200 1.33
6.2300 1.34
6.2400 1.10
6.2500 0.98
6.2600 3.56
6.2700 4.66
6.2800 3.34
6.2900 4.71
6.3000 4.31
6.3100 2.12
6.3200 1.62
6.3300 2.08
6.3400 2.47
6.3500 1.94
6.3600 1.53
6.3700 1.98
6.3800 1.51
6.3900 0.65
6.4000 0.56
6.4100 0.48
6.4200 0.58
6.4300 0.58
6.4400 0.75
6.4500 0.93
6.4600 1.92
6.4700 2.50
6.4800 1.87
6.4900 2.27
6.5000 2.03
6.5100 1.09
6.5200 0.86
6.5300 0.98
6.5400 3.37
6.5500 4.28
6.5600 3.12
6.5700 4.49
6.5800 4.41
6.5900 2.53
6.6000 1.82
6.6100 2.32
6.6200 1.66
6.6300 0.36
6.6400 0.60
6.6500 0.71
6.6600 0.77
6.6700 0.99
6.6800 0.97
6.6900 0.91
6.7000 0.84
6.7100 0.82
6.7200 0.84
6.7300 0.80
6.7400 0.75
6.7500 0.77
6.7600 0.91
6.7700 0.92
6.7800 0.86
6.7900 0.97
6.8000 0.97
6.8100 0.85
6.8200 0.80
6.8300 0.82
6.8400 0.87
6.8500 0.83
6.8600 1.40
6.8700 1.76
6.8800 1.50
6.8900 1.75
6.9000 1.73
6.9100 1.33
6.9200 1.08
6.9300 1.13
6.9400 1.28
6.9500 1.07
6.9600 0.97
6.9700 1.17
6.9800 1.22
6.9900 1.04
7.0000 0.99
7.0100 1.10
7.0200 1.16
7.0300 1.08
7.0400 0.95
7.0500 0.97
7.0600 1.25
7.0700 1.24
7.0800 1.11
7.0900 1.33
7.1000 1.20
7.1100 0.91
7.1200 0.93
7.1300 0.96
7.1400 0.93
7.1500 0.93
7.1600 1.02
7.1700 1.03
7.1800 1.77
7.1900 2.23
7.2000 1.96
7.2100 2.34
7.2200 3.75
7.2300 4.00
7.2400 3.04
7.2500 3.85
7.2600 3.94
7.2700 2.63
7.2800 1.96
7.2900 2.38
7.3000 2.30
7.3100 1.38
7.3200 1.36
7.3300 1.74
7.3400 3.38
7.3500 4.00
7.3600 3.47
7.3700 4.54
7.3800 4.13
7.3900 2.86
7.4000 2.52
7.4100 2.57
7.4200 3.72
7.4300 3.93
7.4400 3.25
7.4500 3.96
7.4600 2.94
7.4700 1.41
7.4800 1.43
7.4900 1.20
7.5000 2.70
7.5100 3.59
7.5200 2.75
7.5300 3.38
7.5400 2.54
7.5500 0.96
7.5600 0.96
7.5700 0.91
7.5800 1.18
7.5900 1.34
7.6000 1.28
7.6100 1.44
7.6200 1.39
7.6300 1.22
7.6400 1.08
7.6500 1.04
7.6600 2.94
7.6700 3.77
7.6800 2.70
7.6900 3.66
7.7000 2.82
7.7100 0.87
7.7200 0.84
7.7300 0.96
7.7400 0.89
7.7500 0.76
7.7600 1.05
7.7700 1.19
7.7800 1.08
7.7900 1.24
7.8000 1.25
7.8100 1.04
7.8200 1.17
7.8300 1.33
7.8400 1.27
7.8500 1.28
7.8600 1.57
7.8700 1.65
7.8800 1.44
7.8900 1.59
7.9000 1.38
7.9100 0.99
7.9200 0.92
7.9300 0.86
7.9400 1.49
7.9500 1.76
7.9600 1.37
7.9700 1.68
7.9800 1.54
7.9900 0.93
8.0000 0.80
8.0100 0.90
8.0200 0.85
8.0300 0.65
8.0400 0.56
8.0500 0.57
8.0600 0.67
8.0700 0.63
8.0800 0.65
8.0900 0.78
8.1000 0.72
8.1100 0.64
8.1200 0.73
8.1300 0.75
8.1400 0.62
8.1500 0.64
8.1600 0.68
8.1700 0.56
8.1800 0.65
8.1900 0.79
8.2000 0.74
8.2100 0.72
8.2200 0.62
8.2300 0.52
8.2400 0.49
8.2500 0.42
8.2600 0.50
8.2700 0.55
8.2800 0.50
8.2900 0.53
8.3000 0.73
8.3100 0.76
8.3200 0.73
8.3300 0.89
8.3400 0.81
8.3500 0.66
8.3600 0.64
8.3700 0.62
8.3800 0.69
8.3900 0.71
8.4000 0.65
8.4100 0.67
8.4200 0.76
8.4300 0.73
8.4400 0.64
8.4500 0.70
8.4600 1.00
8.4700 1.03
8.4800 0.84
8.4900 1.03
8.5000 0.87
8.5100 0.51
8.5200 0.43
8.5300 0.42
8.5400 0.39
8.5500 0.31
8.5600 0.33
8.5700 0.36
8.5800 0.53
8.5900 0.62
8.6000 0.50
8.6100 0.57
8.6200 0.63
8.6300 0.52
8.6400 0.44
8.6500 0.52
8.6600 0.62
8.6700 0.55
8.6800 0.47
8.6900 0.57
8.7000 0.50
8.7100 0.33
8.7200 0.38
8.7300 0.41
8.7400 0.45
8.7500 0.51
8.7600 0.50
8.7700 0.51
8.7800 0.40
8.7900 0.33
8.8000 0.39
8.8100 0.34
8.8200 0.35
8.8300 0.43
8.8400 0.47
8.8500 0.46
8.8600 0.43
8.8700 0.47
8.8800 0.43
8.8900 0.38
8.9000 0.36
8.9100 0.35
8.9200 0.33
8.9300 0.31
8.9400 0.35
8.9500 0.35
8.9600 0.38
8.9700 0.43
8.9800 0.58
8.9900 0.66
9.0000 0.64
9.0100 0.74
9.0200 0.68
9.0300 0.57
9.0400 0.61
9.0500 0.61
9.0600 0.63
9.0700 0.67
9.0800 0.68
9.0900 0.68
9.1000 0.54
9.1100 0.48
9.1200 0.52
9.1300 0.42
9.1400 0.49
9.1500 0.60
9.1600 0.52
9.1700 0.48
9.1800 0.44
9.1900 0.34
9.2000 0.38
9.2100 0.40
9.2200 0.53
9.2300 0.62
9.2400 0.57
9.2500 0.62
9.2600 0.73
9.2700 0.70
9.2800 0.61
9.2900 0.68
9.3000 0.59
9.3100 0.41
9.3200 0.41
9.3300 0.41
9.3400 0.89
9.3500 1.14
9.3600 0.94
9.3700 1.20
9.3800 1.14
9.3900 0.78
9.4000 0.69
9.4100 0.78
9.4200 0.73
9.4300 0.58
9.4400 0.62
9.4500 0.67
9.4600 0.82
9.4700 0.91
9.4800 0.86
9.4900 0.93
9.5000 0.90
9.5100 0.80
9.5200 0.86
9.5300 0.92
9.5400 1.41
9.5500 1.69
9.5600 1.29
9.5700 1.44
9.5800 1.41
9.5900 0.92
9.6000 0.80
9.6100 0.94
9.6200 0.97
9.6300 0.80
9.6400 0.74
9.6500 0.83
9.6600 1.55
9.6700 1.81
9.6800 1.38
9.6900 1.76
9.7000 1.55
9.7100 0.83
9.7200 0.81
9.7300 0.94
9.7400 0.78
9.7500 0.60
9.7600 0.77
9.7700 0.78
9.7800 0.64
9.7900 0.74
9.8000 0.71
9.8100 0.52
9.8200 0.57
9.8300 0.67
9.8400 0.77
9.8500 0.83
9.8600 0.89
9.8700 0.98
9.8800 1.10
9.8900 1.16
9.9000 0.98
9.9100 0.98
9.9200 0.91
9.9300 0.71
9.9400 0.89
9.9500 1.02
9.9600 0.85
9.9700 0.88
9.9800 0.94
9.9900 0.80
10.0000 0.71
10.0100 0.81
10.0200 0.83
10.0300 0.72
10.0400 0.62
10.0500 0.67
10.0600 0.84
10.0700 0.81
10.0800 0.76
10.0900 0.92
10.1000 0.80
10.1100 0.60
10.1200 0.67
10.1300 0.68
10.1400 0.93
10.1500 1.12
10.1600 1.06
10.1700 1.19
10.1800 1.14
10.1900 0.99
10.2000 1.01
10.2100 1.04
10.2200 0.89
10.2300 0.82
10.2400 0.87
10.2500 0.78
10.2600 0.92
10.2700 1.07
10.2800 1.04
10.2900 1.08
10.3000 1.00
10.3100 0.90
10.3200 0.78
10.3300 0.69
10.3400 0.81
10.3500 0.81
10.3600 0.73
10.3700 0.81
10.3800 0.92
10.3900 0.84
10.4000 0.74
10.4100 0.82
10.4200 1.31
10.4300 1.41
10.4400 1.13
10.4500 1.44
10.4600 1.22
10.4700 0.68
10.4800 0.56
10.4900 0.56
10.5000 0.62
10.5100 0.54
10.5200 0.52
10.5300 0.61
10.5400 0.72
10.5500 0.70
10.5600 0.63
10.5700 0.70
10.5800 0.79
10.5900 0.71
10.6000 0.74
10.6100 0.88
10.6200 0.74
10.6300 0.63
10.6400 0.74
10.6500 0.70
10.6600 0.64
10.6700 0.73
10.6800 0.59
10.6900 0.41
10.7000 0.36
10.7100 0.29
10.7200 0.28
10.7300 0.27
10.7400 0.28
10.7500 0.29
10.7600 0.35
10.7700 0.39
10.7800 0.47
10.7900 0.56
10.8000 0.60
10.8100 0.66
10.8200 0.74
10.8300 0.79
10.8400 0.80
10.8500 0.86
10.8600 0.87
10.8700 0.85
10.8800 0.84
10.8900 0.85
10.9000 0.89
10.9100 0.90
10.9200 0.87
10.9300 0.90
10.9400 0.75
10.9500 0.65
10.9600 0.58
10.9700 0.45
10.9800 0.48
10.9900 0.49
11.0000 0.41
11.0100 0.40
11.0200 0.34
11.0300 0.23
11.0400 0.24
11.0500 0.23
11.0600 0.31
11.0700 0.36
11.0800 0.34
11.0900 0.39
11.1000 0.39
11.1100 0.35
11.1200 0.35
11.1300 0.37
11.1400 0.43
11.1500 0.44
11.1600 0.48
11.1700 0.55
11.1800 1.43
11.1900 1.87
11.2000 1.35
11.2100 1.76
11.2200 1.35
11.2300 0.43
11.2400 0.40
11.2500 0.44
11.2600 0.94
11.2700 1.15
11.2800 0.88
11.2900 1.15
11.3000 1.90
11.3100 1.87
11.3200 1.37
11.3300 1.88
11.3400 1.53
11.3500 0.60
11.3600 0.50
11.3700 0.57
11.3800 0.72
11.3900 0.65
11.4000 0.51
11.4100 0.62
11.4200 0.62
11.4300 0.42
11.4400 0.38
11.4500 0.45
11.4600 0.49
11.4700 0.43
11.4800 0.39
11.4900 0.44
11.5000 0.57
11.5100 0.57
11.5200 0.53
11.5300 0.64
11.5400 0.70
11.5500 0.64
11.5600 0.57
11.5700 0.62
11.5800 0.65
11.5900 0.56
11.6000 0.66
11.6100 0.77
11.6200 0.69
11.6300 0.69
11.6400 0.66
11.6500 0.56
11.6600 0.55
11.6700 0.57
11.6800 0.48
11.6900 0.41
11.7000 0.80
11.7100 0.95
11.7200 0.72
11.7300 0.93
11.7400 0.88
11.7500 0.52
11.7600 0.46
11.7700 0.56
11.7800 0.65
11.7900 0.59
11.8000 0.51
11.8100 0.59
11.8200 0.68
11.8300 0.60
11.8400 0.52
11.8500 0.61
11.8600 0.61
11.8700 0.47
11.8800 0.44
11.8900 0.47
11.9000 0.42
11.9100 0.34
11.9200 0.53
11.9300 0.61
11.9400 0.52
11.9500 0.62
11.9600 0.81
11.9700 0.76
11.9800 0.72
11.9900 0.92
12.0000 0.75
12.0100 0.54
12.0200 0.63
12.0300 0.62
12.0400 0.71
12.0500 0.86
12.0600 0.81
12.0700 0.80
12.0800 0.74
12.0900 0.67
12.1000 0.62
12.1100 0.57
12.1200 0.48
12.1300 0.41
12.1400 0.45
12.1500 0.42
12.1600 0.39
12.1700 0.45
12.1800 0.55
12.1900 0.56
12.2000 0.46
12.2100 0.52
12.2200 0.71
12.2300 0.69
12.2400 0.56
12.2500 0.71
12.2600 0.58
12.2700 0.32
12.2800 0.36
12.2900 0.39
12.3000 0.43
12.3100 0.49
12.3200 0.43
12.3300 0.42
12.3400 0.41
12.3500 0.35
12.3600 0.33
12.3700 0.34
12.3800 0.39
12.3900 0.39
12.4000 0.40
12.4100 0.45
12.4200 0.47
12.4300 0.46
12.4400 0.38
12.4500 0.36
12.4600 0.46
12.4700 0.44
12.4800 0.39
12.4900 0.48
12.5000 0.55
12.5100 0.48
12.5200 0.42
12.5300 0.49
12.5400 0.41
12.5500 0.27
12.5600 0.32
12.5700 0.34
12.5800 0.29
12.5900 0.31
12.6000 0.35
12.6100 0.31
12.6200 0.23
12.6300 0.25
12.6400 0.26
12.6500 0.18
12.6600 0.18
12.6700 0.24
12.6800 0.30
12.6900 0.30
12.7000 0.40
12.7100 0.50
12.7200 0.49
12.7300 0.52
12.7400 0.41
12.7500 0.33
12.7600 0.43
12.7700 0.42
12.7800 0.37
12.7900 0.45
12.8000 0.47
12.8100 0.38
12.8200 0.37
12.8300 0.43
12.8400 0.42
12.8500 0.38
12.8600 0.34
12.8700 0.33
12.8800 0.35
12.8900 0.33
12.9000 0.36
12.9100 0.41
12.9200 0.42
12.9300 0.43
12.9400 0.45
12.9500 0.46
12.9600 0.37
12.9700 0.32
12.9800 0.39
12.9900 0.35
13.0000 0.33
13.0100 0.41
13.0200 0.53
13.0300 0.53
13.0400 0.49
13.0500 0.58
13.0600 0.54
13.0700 0.43
13.0800 0.44
13.0900 0.46
13.1000 0.42
13.1100 0.41
13.1200 0.39
13.1300 0.34
13.1400 0.41
13.1500 0.44
13.1600 0.39
13.1700 0.41
13.1800 0.40
13.1900 0.34
13.2000 0.37
13.2100 0.42
13.2200 0.33
13.2300 0.29
13.2400 0.33
13.2500 0.28
13.2600 0.43
13.2700 0.56
13.2800 0.54
13.2900 0.61
13.3000 0.49
13.3100 0.37
13.3200 0.38
13.3300 0.33
13.3400 0.36
13.3500 0.41
13.3600 0.35
13.3700 0.32
13.3800 0.57
13.3900 0.66
13.4000 0.51
13.4100 0.65
13.4200 0.62
13.4300 0.39
13.4400 0.36
13.4500 0.43
13.4600 0.45
13.4700 0.39
13.4800 0.41
13.4900 0.47
13.5000 0.45
13.5100 0.43
13.5200 0.46
13.5300 0.46
13.5400 0.39
13.5500 0.38
13.5600 0.40
13.5700 0.35
13.5800 0.31
13.5900 0.34
13.6000 0.32
13.6100 0.26
13.6200 0.30
13.6300 0.34
13.6400 0.40
13.6500 0.45
13.6600 0.49
13.6700 0.54
13.6800 0.48
13.6900 0.46
13.7000 0.38
13.7100 0.28
13.7200 0.28
13.7300 0.25
13.7400 0.22
13.7500 0.22
13.7600 0.23
13.7700 0.20
13.7800 0.32
13.7900 0.40
13.8000 0.36
13.8100 0.42
13.8200 0.49
13.8300 0.46
13.8400 0.48
13.8500 0.57
13.8600 0.46
13.8700 0.38
13.8800 0.45
13.8900 0.41
13.9000 0.45
13.9100 0.55
13.9200 0.54
13.9300 0.51
13.9400 0.50
13.9500 0.49
13.9600 0.60
13.9700 0.65
13.9800 0.58
13.9900 0.64
14.0000 0.59
14.0100 0.46
14.0200 0.41
14.0300 0.39
14.0400 0.42
14.0500 0.40
14.0600 0.45
14.0700 0.53
14.0800 0.49
14.0900 0.49
14.1000 0.44
14.1100 0.39
14.1200 0.50
14.1300 0.53
14.1400 0.60
14.1500 0.73
14.1600 0.74
14.1700 0.75
14.1800 0.74
14.1900 0.74
14.2000 0.64
14.2100 0.57
14.2200 0.69
14.2300 0.68
14.2400 0.56
14.2500 0.63
14.2600 0.80
14.2700 0.74
14.2800 0.59
14.2900 0.72
14.3000 0.71
14.3100 0.49
14.3200 0.45
14.3300 0.53
14.3400 0.50
14.3500 0.41
14.3600 0.45
14.3700 0.49
14.3800 0.53
14.3900 0.57
14.4000 0.51
14.4100 0.49
14.4200 0.56
14.4300 0.53
14.4400 0.53
14.4500 0.61
14.4600 0.66
14.4700 0.64
14.4800 0.53
14.4900 0.53
14.5000 0.50
14.5100 0.38
14.5200 0.38
14.5300 0.42
14.5400 0.49
14.5500 0.51
14.5600 0.54
14.5700 0.62
14.5800 0.66
14.5900 0.67
14.6000 0.58
14.6100 0.57
14.6200 0.53
14.6300 0.43
14.6400 0.47
14.6500 0.49
14.6600 0.74
14.6700 0.88
14.6800 0.77
14.6900 0.89
14.7000 0.79
14.7100 0.57
14.7200 0.51
14.7300 0.49
14.7400 0.52
14.7500 0.49
14.7600 0.47
14.7700 0.51
14.7800 0.57
14.7900 0.56
14.8000 0.56
14.8100 0.64
14.8200 0.51
14.8300 0.41
14.8400 0.57
14.8500 0.57
14.8600 0.51
14.8700 0.63
14.8800 0.53
14.8900 0.35
14.9000 0.45
14.9100 0.48
14.9200 0.48
14.9300 0.55
14.9400 0.47
14.9500 0.39
14.9600 0.46
14.9700 0.45
14.9800 0.51
14.9900 0.60
15.0000 0.54
15.0100 0.52
15.0200 0.47
15.0300 0.40
15.0400 0.43
15.0500 0.43
15.0600 0.44
15.0700 0.47
15.0800 0.53
15.0900 0.55
15.1000 0.53
15.1100 0.57
15.1200 0.54
15.1300 0.48
15.1400 0.48
15.1500 0.46
15.1600 0.49
15.1700 0.49
15.1800 0.42
15.1900 0.40
15.2000 0.38
15.2100 0.30
15.2200 0.61
15.2300 0.79
15.2400 0.72
15.2500 0.92
15.2600 0.75
15.2700 0.51
15.2800 0.46
15.2900 0.40
15.3000 0.46
15.3100 0.49
15.3200 0.45
15.3300 0.48
15.3400 0.59
15.3500 0.59
15.3600 0.59
15.3700 0.70
15.3800 0.57
15.3900 0.44
15.4000 0.47
15.4100 0.41
15.4200 0.40
15.4300 0.45
15.4400 0.41
15.4500 0.36
15.4600 0.93
15.4700 1.20
15.4800 0.89
15.4900 1.17
15.5000 0.98
15.5100 0.43
15.5200 0.44
15.5300 0.53
15.5400 0.53
15.5500 0.49
15.5600 0.50
15.5700 0.52
15.5800 0.48
15.5900 0.46
15.6000 0.97
15.6100 1.20
15.6200 1.54
15.6300 2.12
15.6400 1.66
15.6500 1.50
15.6600 1.15
15.6700 0.61
15.6800 0.56
15.6900 0.46
15.7000 0.44
15.7100 0.43
15.7200 0.54
15.7300 0.58
15.7400 0.66
15.7500 0.78
15.7600 0.74
15.7700 0.73
15.7800 0.69
15.7900 0.63
15.8000 0.58
15.8100 0.54
15.8200 0.51
15.8300 0.46
15.8400 0.55
15.8500 0.59
15.8600 0.61
15.8700 0.69
15.8800 0.69
15.8900 0.67
15.9000 0.65
15.9100 0.64
15.9200 0.62
15.9300 0.58
15.9400 0.74
15.9500 0.80
15.9600 0.70
15.9700 0.76
15.9800 0.61
15.9900 0.40
16.0000 0.36
16.0100 0.30
16.0200 0.37
16.0300 0.40
16.0400 0.38
16.0500 0.42
16.0600 0.49
16.0700 0.48
16.0800 0.53
16.0900 0.62
16.1000 0.63
16.1100 0.62
16.1200 0.55
16.1300 0.53
16.1400 0.46
16.1500 0.37
16.1600 0.45
16.1700 0.46
16.1800 0.42
16.1900 0.46
16.2000 0.56
16.2100 0.55
16.2200 0.51
16.2300 0.60
16.2400 0.65
16.2500 0.60
16.2600 0.53
16.2700 0.56
16.2800 0.62
16.2900 0.55
16.3000 0.52
16.3100 0.58
16.3200 0.53
16.3300 0.44
16.3400 0.50
16.3500 0.53
16.3600 0.63
16.3700 0.72
16.3800 0.60
16.3900 0.58
16.4000 0.69
16.4100 0.62
16.4200 0.59
16.4300 0.72
16.4400 0.69
16.4500 0.58
16.4600 0.67
16.4700 0.73
16.4800 0.63
16.4900 0.63
16.5000 0.65
16.5100 0.55
16.5200 0.51
16.5300 0.55
16.5400 0.48
16.5500 0.38
16.5600 0.33
16.5700 0.30
16.5800 0.41
16.5900 0.45
16.6000 0.36
16.6100 0.41
16.6200 0.57
16.6300 0.53
16.6400 0.45
16.6500 0.58
16.6600 0.83
16.6700 0.80
16.6800 0.63
16.6900 0.81
16.7000 0.80
16.7100 0.54
16.7200 0.50
16.7300 0.59
16.7400 0.56
16.7500 0.45
16.7600 0.48
16.7700 0.52
16.7800 0.58
16.7900 0.61
16.8000 0.63
16.8100 0.67
16.8200 0.63
16.8300 0.60
16.8400 0.62
16.8500 0.60
16.8600 0.66
16.8700 0.71
16.8800 0.70
16.8900 0.73
16.9000 0.82
16.9100 0.84
16.9200 0.74
16.9300 0.76
16.9400 0.88
16.9500 0.83
16.9600 0.77
16.9700 0.89
16.9800 0.88
16.9900 0.76
17.0000 0.85
17.0100 0.95
17.0200 0.81
17.0300 0.78
17.0400 0.78
17.0500 0.66
17.0600 0.67
17.0700 0.74
17.0800 0.69
17.0900 0.64
17.1000 0.64
17.1100 0.61
17.1200 0.54
17.1300 0.52
17.1400 0.57
17.1500 0.53
17.1600 0.45
17.1700 0.48
17.1800 0.74
17.1900 0.77
17.2000 0.67
17.2100 0.86
17.2200 0.80
17.2300 0.57
17.2400 0.58
17.2500 0.63
17.2600 0.54
17.2700 0.47
17.2800 0.49
17.2900 0.45
17.3000 0.44
17.3100 0.48
17.3200 0.45
17.3300 0.41
17.3400 0.42
17.3500 0.41
17.3600 0.44
17.3700 0.47
17.3800 0.40
17.3900 0.39
17.4000 0.34
17.4100 0.26
17.4200 0.46
17.4300 0.55
17.4400 0.51
17.4500 0.64
17.4600 0.67
17.4700 0.58
17.4800 0.53
17.4900 0.58
17.5000 0.57
17.5100 0.49
17.5200 0.55
17.5300 0.61
17.5400 0.60
17.5500 0.62
17.5600 0.59
17.5700 0.54
17.5800 0.47
17.5900 0.42
17.6000 0.41
17.6100 0.35
17.6200 0.36
17.6300 0.38
17.6400 0.41
17.6500 0.42
17.6600 0.60
17.6700 0.72
17.6800 0.66
17.6900 0.74
17.7000 0.67
17.7100 0.52
17.7200 0.55
17.7300 0.56
17.7400 0.57
17.7500 0.59
17.7600 0.55
17.7700 0.52
17.7800 0.57
17.7900 0.57
17.8000 0.51
17.8100 0.54
17.8200 0.75
17.8300 0.78
17.8400 0.80
17.8500 0.99
17.8600 1.04
17.8700 0.98
17.8800 0.90
17.8900 0.93
17.9000 0.97
17.9100 0.88
17.9200 0.76
17.9300 0.77
17.9400 0.88
17.9500 0.80
17.9600 0.73
17.9700 0.84
17.9800 0.73
17.9900 0.55
18.0000 0.56
18.0100 0.54
18.0200 0.59
18.0300 0.63
18.0400 0.57
18.0500 0.57
18.0600 0.67
18.0700 0.66
18.0800 0.64
18.0900 0.73
18.1000 0.76
18.1100 0.70
18.1200 0.58
18.1300 0.57
18.1400 0.48
18.1500 0.33
18.1600 0.41
18.1700 0.45
18.1800 0.39
18.1900 0.43
18.2000 0.53
18.2100 0.50
18.2200 1.14
18.2300 1.57
18.2400 1.23
18.2500 1.48
18.2600 1.13
18.2700 0.48
18.2800 0.49
18.2900 0.47
18.3000 1.08
18.3100 1.41
18.3200 1.11
18.3300 1.40
18.3400 1.05
18.3500 0.42
18.3600 0.43
18.3700 0.39
18.3800 0.66
18.3900 0.82
18.4000 0.75
18.4100 0.91
18.4200 0.81
18.4300 0.61
18.4400 0.54
18.4500 0.50
18.4600 0.58
18.4700 0.57
18.4800 0.50
18.4900 0.56
18.5000 0.78
18.5100 0.79
18.5200 0.66
18.5300 0.80
18.5400 0.85
18.5500 0.68
18.5600 0.58
18.5700 0.67
18.5800 0.69
18.5900 0.55
18.6000 0.49
18.6100 0.54
18.6200 0.56
18.6300 0.48
18.6400 0.44
18.6500 0.48
18.6600 0.75
18.6700 0.82
18.6800 0.71
18.6900 0.89
18.7000 0.82
18.7100 0.57
18.7200 0.71
18.7300 0.82
18.7400 0.91
18.7500 1.02
18.7600 0.86
18.7700 0.80
18.7800 0.73
18.7900 0.55
18.8000 0.58
18.8100 0.61
18.8200 0.54
18.8300 0.53
18.8400 0.65
18.8500 0.65
18.8600 0.71
18.8700 0.85
18.8800 0.82
18.8900 0.78
18.9000 0.68
18.9100 0.60
18.9200 0.62
18.9300 0.55
18.9400 0.65
18.9500 0.74
18.9600 0.82
18.9700 0.91
18.9800 0.83
18.9900 0.82
19.0000 0.92
19.0100 0.90
19.0200 1.04
19.0300 1.22
19.0400 1.02
19.0500 0.98
19.0600 1.13
19.0700 1.03
19.0800 0.92
19.0900 1.06
19.1000 0.83
19.1100 0.53
19.1200 0.55
19.1300 0.48
19.1400 0.66
19.1500 0.80
19.1600 0.77
19.1700 0.86
19.1800 0.74
19.1900 0.59
19.2000 0.71
19.2100 0.72
19.2200 0.86
19.2300 1.04
19.2400 0.97
19.2500 0.98
19.2600 1.11
19.2700 1.09
19.2800 0.97
19.2900 1.03
19.3000 1.09
19.3100 0.96
19.3200 0.79
19.3300 0.83
19.3400 0.66
19.3500 0.38
19.3600 0.44
19.3700 0.43
19.3800 0.38
19.3900 0.42
19.4000 0.54
19.4100 0.54
19.4200 0.74
19.4300 0.96
19.4400 0.81
19.4500 0.82
19.4600 0.84
19.4700 0.69
19.4800 0.61
19.4900 0.67
19.5000 0.60
19.5100 0.45
19.5200 0.47
19.5300 0.49
19.5400 0.78
19.5500 0.94
19.5600 0.71
19.5700 0.81
19.5800 1.28
19.5900 1.24
19.6000 0.93
19.6100 1.27
19.6200 1.21
19.6300 0.71
19.6400 0.61
19.6500 0.76
19.6600 0.86
19.6700 0.74
19.6800 0.62
19.6900 0.72
19.7000 0.81
19.7100 0.68
19.7200 0.55
19.7300 0.64
19.7400 0.52
19.7500 0.28
19.7600 0.37
19.7700 0.42
19.7800 0.40
19.7900 0.47
19.8000 0.58
19.8100 0.59
19.8200 0.59
19.8300 0.69
19.8400 0.71
19.8500 0.66
19.8600 0.66
19.8700 0.71
19.8800 0.67
19.8900 0.64
19.9000 0.58
19.9100 0.54
19.9200 0.74
19.9300 0.81
19.9400 0.67
19.9500 0.77
19.9600 0.74
19.9700 0.54
19.9800 0.73
19.9900 0.89
20.0000 0.76
20.0100 0.80
20.0200 0.76
20.0300 0.58
20.0400 0.62
20.0500 0.69
20.0600 0.55
20.0700 0.49
20.0800 0.55
20.0900 0.47
20.1000 0.44
20.1100 0.53
20.1200 0.53
20.1300 0.46
20.1400 0.43
20.1500 0.46
20.1600 0.49
20.1700 0.48
20.1800 0.48
20.1900 0.52
20.2000 0.56
20.2100 0.55
20.2200 0.81
20.2300 0.98
20.2400 0.85
20.2500 0.96
20.2600 0.77
20.2700 0.48
20.2800 0.48
20.2900 0.43
20.3000 0.48
20.3100 0.52
20.3200 0.56
20.3300 0.60
20.3400 0.59
20.3500 0.60
20.3600 0.55
20.3700 0.51
20.3800 0.46
20.3900 0.41
20.4000 0.41
20.4100 0.39
20.4200 0.36
20.4300 0.36
20.4400 0.35
20.4500 0.32
20.4600 0.26
20.4700 0.23
20.4800 0.58
20.4900 0.71
20.5000 0.61
20.5100 0.85
20.5200 0.66
20.5300 0.35
20.5400 0.33
20.5500 0.29
20.5600 0.36
20.5700 0.40
20.5800 0.34
20.5900 0.36
20.6000 0.38
20.6100 0.32
20.6200 0.29
20.6300 0.32
20.6400 0.34
20.6500 0.29
20.6600 0.27
20.6700 0.29
20.6800 0.38
20.6900 0.38
20.7000 0.31
20.7100 0.35
20.7200 0.40
20.7300 0.33
20.7400 0.25
20.7500 0.30
20.7600 0.41
20.7700 0.37
20.7800 0.38
20.7900 0.52
20.8000 0.46
20.8100 0.38
20.8200 0.35
20.8300 0.32
20.8400 0.35
20.8500 0.35
20.8600 0.36
20.8700 0.39
20.8800 0.47
20.8900 0.51
20.9000 0.46
20.9100 0.52
20.9200 0.51
20.9300 0.43
20.9400 0.38
20.9500 0.38
20.9600 0.39
20.9700 0.33
20.9800 0.50
20.9900 0.61
21.0000 0.53
21.0100 0.59
21.0200 0.51
21.0300 0.35
21.0400 0.33
21.0500 0.31
21.0600 0.37
21.0700 0.39
21.0800 0.37
21.0900 0.43
21.1000 0.52
21.1100 0.53
21.1200 0.43
21.1300 0.48
21.1400 0.38
21.1500 0.21
21.1600 0.19
21.1700 0.16
21.1800 0.17
21.1900 0.17
21.2000 0.22
21.2100 0.25
21.2200 0.30
21.2300 0.34
21.2400 0.39
21.2500 0.44
21.2600 0.48
21.2700 0.52
21.2800 0.53
21.2900 0.56
21.3000 0.60
21.3100 0.63
21.3200 0.60
21.3300 0.61
21.3400 0.60
21.3500 0.55
21.3600 0.54
21.3700 0.54
21.3800 0.48
21.3900 0.43
21.4000 0.45
21.4100 0.42
21.4200 0.38
21.4300 0.40
21.4400 0.43
21.4500 0.40
21.4600 0.37
21.4700 0.41
21.4800 0.44
21.4900 0.41
21.5000 0.42
21.5100 0.47
21.5200 0.47
21.5300 0.45
21.5400 0.52
21.5500 0.56
21.5600 0.57
21.5700 0.62
21.5800 0.70
21.5900 0.73
21.6000 0.64
21.6100 0.66
21.6200 0.63
21.6300 0.52
21.6400 0.46
21.6500 0.46
21.6600 0.61
21.6700 0.63
21.6800 0.58
21.6900 0.70
21.7000 0.81
21.7100 0.76
21.7200 0.65
21.7300 0.73
21.7400 0.56
21.7500 0.33
21.7600 0.38
21.7700 0.35
21.7800 0.46
21.7900 0.57
21.8000 0.66
21.8100 0.76
21.8200 0.62
21.8300 0.59
21.8400 0.62
21.8500 0.51
21.8600 0.50
21.8700 0.58
21.8800 0.62
21.8900 0.59
21.9000 0.81
21.9100 0.97
21.9200 0.89
21.9300 0.98
21.9400 0.74
21.9500 0.48
21.9600 0.52
21.9700 0.41
21.9800 0.42
21.9900 0.51
22.0000 0.47
22.0100 0.41
22.0200 0.52
22.0300 0.56
22.0400 0.47
22.0500 0.51
22.0600 0.48
22.0700 0.35
22.0800 0.38
22.0900 0.43
22.1000 0.36
22.1100 0.32
22.1200 0.39
22.1300 0.38
22.1400 0.53
22.1500 0.69
22.1600 0.55
22.1700 0.56
22.1800 0.72
22.1900 0.66
22.2000 0.51
22.2100 0.61
22.2200 0.61
22.2300 0.41
22.2400 0.45
22.2500 0.57
22.2600 0.77
22.2700 0.85
22.2800 0.71
22.2900 0.79
22.3000 0.74
22.3100 0.53
22.3200 0.47
22.3300 0.49
22.3400 0.44
22.3500 0.33
22.3600 0.33
22.3700 0.33
22.3800 0.43
22.3900 0.48
22.4000 0.43
22.4100 0.48
22.4200 0.66
22.4300 0.68
22.4400 0.64
22.4500 0.80
22.4600 0.72
22.4700 0.56
22.4800 0.61
22.4900 0.63
22.5000 1.05
22.5100 1.30
22.5200 1.00
22.5300 1.14
22.5400 0.95
22.5500 0.48
22.5600 0.43
22.5700 0.45
22.5800 0.41
22.5900 0.33
22.6000 0.38
22.6100 0.41
22.6200 0.41
22.6300 0.45
22.6400 0.39
22.6500 0.35
22.6600 0.35
22.6700 0.31
22.6800 0.31
22.6900 0.33
22.7000 0.40
22.7100 0.43
22.7200 0.43
22.7300 0.49
22.7400 0.51
22.7500 0.49
22.7600 0.45
22.7700 0.45
22.7800 0.42
22.7900 0.36
22.8000 0.38
22.8100 0.40
22.8200 0.41
22.8300 0.43
22.8400 0.44
22.8500 0.44
22.8600 0.68
22.8700 0.80
22.8800 0.69
22.8900 0.82
22.9000 0.60
22.9100 0.32
22.9200 0.35
22.9300 0.28
22.9400 0.24
22.9500 0.28
22.9600 0.30
22.9700 0.24
22.9800 0.37
22.9900 0.47
23.0000 0.41
23.0100 0.45
23.0200 0.36
23.0300 0.24
23.0400 0.26
23.0500 0.26
23.0600 0.28
23.0700 0.32
23.0800 0.29
23.0900 0.28
23.1000 0.32
23.1100 0.32
23.1200 0.32
23.1300 0.37
23.1400 0.44
23.1500 0.45
23.1600 0.44
23.1700 0.50
23.1800 0.95
23.1900 1.14
23.2000 0.90
23.2100 1.14
23.2200 1.19
23.2300 0.86
23.2400 0.75
23.2500 0.91
23.2600 0.92
23.2700 0.72
23.2800 0.65
23.2900 0.72
23.3000 0.65
23.3100 0.51
23.3200 0.46
23.3300 0.43
23.3400 0.58
23.3500 0.62
23.3600 0.53
23.3700 0.62
23.3800 0.56
23.3900 0.40
23.4000 0.51
23.4100 0.58
23.4200 0.63
23.4300 0.72
23.4400 0.71
23.4500 0.70
23.4600 0.62
23.4700 0.57
23.4800 0.52
23.4900 0.43
23.5000 0.41
23.5100 0.39
23.5200 0.34
23.5300 0.32
23.5400 0.28
23.5500 0.23
23.5600 0.28
23.5700 0.30
23.5800 0.43
23.5900 0.54
23.6000 0.61
23.6100 0.72
23.6200 0.80
23.6300 0.86
23.6400 0.75
23.6500 0.74
23.6600 0.59
23.6700 0.41
23.6800 0.34
23.6900 0.24
23.7000 0.26
23.7100 0.24
23.7200 0.32
23.7300 0.39
23.7400 0.35
23.7500 0.38
23.7600 0.42
23.7700 0.40
23.7800 0.37
23.7900 0.41
23.8000 0.38
23.8100 0.32
23.8200 0.30
23.8300 0.30
23.8400 0.31
23.8500 0.30
23.8600 0.25
23.8700 0.23
23.8800 0.32
23.8900 0.33
23.9000 0.29
23.9100 0.36
23.9200 0.36
23.9300 0.28
23.9400 0.25
23.9500 0.27
23.9600 0.25
23.9700 0.21
23.9800 0.28
23.9900 0.32
24.0000 0.34
24.0100 0.40
24.0200 0.42
24.0300 0.42
24.0400 0.39
24.0500 0.40
24.0600 0.46
24.0700 0.46
24.0800 0.44
24.0900 0.49
24.1000 0.37
24.1100 0.26
24.1200 0.31
24.1300 0.26
24.1400 0.22
24.1500 0.28
24.1600 0.35
24.1700 0.33
24.1800 0.39
24.1900 0.51
24.2000 0.45
24.2100 0.43
24.2200 0.40
24.2300 0.34
24.2400 0.29
24.2500 0.27
24.2600 0.25
24.2700 0.21
24.2800 0.21
24.2900 0.21
24.3000 0.20
24.3100 0.20
24.3200 0.23
24.3300 0.24
24.3400 0.66
24.3500 0.90
24.3600 0.70
24.3700 0.90
24.3800 0.78
24.3900 0.43
24.4000 0.46
24.4100 0.54
24.4200 0.64
24.4300 0.69
24.4400 0.68
24.4500 0.76
24.4600 0.83
24.4700 0.82
24.4800 0.73
24.4900 0.76
24.5000 0.92
24.5100 0.90
24.5200 0.75
24.5300 0.85
24.5400 0.70
24.5500 0.42
24.5600 0.42
24.5700 0.40
24.5800 0.38
24.5900 0.37
24.6000 0.32
24.6100 0.28
24.6200 0.30
24.6300 0.28
24.6400 0.31
24.6500 0.35
24.6600 0.32
24.6700 0.31
24.6800 0.31
24.6900 0.29
24.7000 0.28
24.7100 0.30
24.7200 0.31
24.7300 0.31
24.7400 0.33
24.7500 0.36
24.7600 0.37
24.7700 0.39
24.7800 0.38
24.7900 0.38
24.8000 0.40
24.8100 0.40
24.8200 0.35
24.8300 0.34
24.8400 0.33
24.8500 0.29
24.8600 0.33
24.8700 0.36
24.8800 0.37
24.8900 0.40
24.9000 0.54
24.9100 0.60
24.9200 0.51
24.9300 0.57
24.9400 0.63
24.9500 0.54
24.9600 0.47
24.9700 0.55
24.9800 0.47
24.9900 0.33
25.0000 0.34
25.0100 0.34
25.0200 0.48
25.0300 0.55
25.0400 0.57
25.0500 0.68
25.0600 0.59
25.0700 0.51
25.0800 0.53
25.0900 0.49
25.1000 0.46
25.1100 0.47
25.1200 0.40
25.1300 0.32
25.1400 0.32
25.1500 0.29
25.1600 0.33
25.1700 0.38
25.1800 0.35
25.1900 0.35
25.2000 0.36
25.2100 0.33
25.2200 0.31
25.2300 0.33
25.2400 0.39
25.2500 0.40
25.2600 0.40
25.2700 0.47
25.2800 0.48
25.2900 0.46
25.3000 0.42
25.3100 0.43
25.3200 0.40
25.3300 0.34
25.3400 0.39
25.3500 0.41
25.3600 0.43
25.3700 0.48
25.3800 0.55
25.3900 0.58
25.4000 0.53
25.4100 0.56
25.4200 0.45
25.4300 0.33
25.4400 0.36
25.4500 0.32
25.4600 0.49
25.4700 0.62
25.4800 0.54
25.4900 0.61
25.5000 0.57
25.5100 0.43
25.5200 0.42
25.5300 0.44
25.5400 0.43
25.5500 0.40
25.5600 0.47
25.5700 0.51
25.5800 0.48
25.5900 0.52
25.6000 0.53
25.6100 0.49
25.6200 0.55
25.6300 0.60
25.6400 0.58
25.6500 0.59
25.6600 0.50
25.6700 0.43
25.6800 0.42
25.6900 0.36
25.7000 0.31
25.7100 0.30
25.7200 0.26
25.7300 0.18
25.7400 0.29
25.7500 0.34
25.7600 0.35
25.7700 0.43
25.7800 0.40
25.7900 0.35
25.8000 0.39
25.8100 0.40
25.8200 0.40
25.8300 0.43
25.8400 0.45
25.8500 0.45
25.8600 0.40
25.8700 0.41
25.8800 0.55
25.8900 0.58
25.9000 0.61
25.9100 0.76
25.9200 0.83
25.9300 0.82
25.9400 0.76
25.9500 0.81
25.9600 0.77
25.9700 0.67
25.9800 0.61
25.9900 0.59
26.0000 0.56
26.0100 0.49
26.0200 0.49
26.0300 0.49
26.0400 0.45
26.0500 0.43
26.0600 0.37
26.0700 0.31
26.0800 0.30
26.0900 0.28
26.1000 0.31
26.1100 0.33
26.1200 0.33
26.1300 0.35
26.1400 0.29
26.1500 0.26
26.1600 0.29
26.1700 0.27
26.1800 0.42
26.1900 0.54
26.2000 0.52
26.2100 0.60
26.2200 0.49
26.2300 0.36
26.2400 0.47
26.2500 0.47
26.2600 0.45
26.2700 0.55
26.2800 0.52
26.2900 0.45
26.3000 0.40
26.3100 0.38
26.3200 0.47
26.3300 0.47
26.3400 0.50
26.3500 0.59
26.3600 0.52
26.3700 0.47
26.3800 0.41
26.3900 0.34
26.4000 0.40
26.4100 0.41
26.4200 0.45
26.4300 0.53
26.4400 0.46
26.4500 0.43
26.4600 0.46
26.4700 0.42
26.4800 0.36
26.4900 0.39
26.5000 0.41
26.5100 0.36
26.5200 0.50
26.5300 0.62
26.5400 0.63
26.5500 0.72
26.5600 0.63
26.5700 0.56
26.5800 0.53
26.5900 0.46
26.6000 0.46
26.6100 0.45
26.6200 0.56
26.6300 0.61
26.6400 0.60
26.6500 0.68
26.6600 0.63
26.6700 0.55
26.6800 0.60
26.6900 0.62
26.7000 0.65
26.7100 0.70
26.7200 0.72
26.7300 0.72
26.7400 0.57
26.7500 0.50
26.7600 0.48
26.7700 0.35
26.7800 0.35
26.7900 0.41
26.8000 0.39
26.8100 0.36
26.8200 0.33
26.8300 0.32
26.8400 0.37
26.8500 0.38
26.8600 0.33
26.8700 0.36
26.8800 0.45
26.8900 0.43
26.9000 0.44
26.9100 0.54
26.9200 0.58
26.9300 0.56
26.9400 0.51
26.9500 0.54
26.9600 0.51
26.9700 0.44
26.9800 0.50
26.9900 0.54
27.0000 0.60
27.0100 0.67
27.0200 0.64
27.0300 0.66
27.0400 0.56
27.0500 0.49
27.0600 0.44
27.0700 0.35
27.0800 0.39
27.0900 0.40
27.1000 0.50
27.1100 0.58
27.1200 0.60
27.1300 0.67
27.1400 0.55
27.1500 0.47
27.1600 0.44
27.1700 0.34
27.1800 0.47
27.1900 0.55
27.2000 0.48
27.2100 0.54
27.2200 0.64
27.2300 0.59
27.2400 0.62
27.2500 0.76
27.2600 0.68
27.2700 0.61
27.2800 0.60
27.2900 0.56
27.3000 0.62
27.3100 0.66
27.3200 0.59
27.3300 0.60
27.3400 0.60
27.3500 0.53
27.3600 0.56
27.3700 0.60
27.3800 0.63
27.3900 0.66
27.4000 0.62
27.4100 0.62
27.4200 0.64
27.4300 0.61
27.4400 0.57
27.4500 0.58
27.4600 0.47
27.4700 0.36
27.4800 0.36
27.4900 0.29
27.5000 0.39
27.5100 0.47
27.5200 0.40
27.5300 0.43
27.5400 0.48
27.5500 0.42
27.5600 0.38
27.5700 0.44
27.5800 0.42
27.5900 0.33
27.6000 0.32
27.6100 0.33
27.6200 0.40
27.6300 0.42
27.6400 0.42
27.6500 0.47
27.6600 0.53
27.6700 0.52
27.6800 0.60
27.6900 0.70
27.7000 0.89
27.7100 1.02
27.7200 0.83
27.7300 0.87
27.7400 0.79
27.7500 0.55
27.7600 0.49
27.7700 0.52
27.7800 0.58
27.7900 0.55
27.8000 0.57
27.8100 0.67
27.8200 0.56
27.8300 0.49
27.8400 0.54
27.8500 0.50
27.8600 0.54
27.8700 0.63
27.8800 0.59
27.8900 0.56
27.9000 0.49
27.9100 0.43
27.9200 0.44
27.9300 0.41
27.9400 0.42
27.9500 0.45
27.9600 0.45
27.9700 0.45
27.9800 0.44
27.9900 0.43
28.0000 0.34
28.0100 0.28
28.0200 0.43
28.0300 0.43
28.0400 0.35
28.0500 0.45
28.0600 0.44
28.0700 0.30
28.0800 0.40
28.0900 0.51
28.1000 0.50
28.1100 0.55
28.1200 0.58
28.1300 0.55
28.1400 0.48
28.1500 0.47
28.1600 0.46
28.1700 0.38
28.1800 0.30
28.1900 0.29
28.2000 0.36
28.2100 0.32
28.2200 0.46
28.2300 0.62
28.2400 0.59
28.2500 0.62
28.2600 0.71
28.2700 0.70
28.2800 0.61
28.2900 0.66
28.3000 0.64
28.3100 0.52
28.3200 0.58
28.3300 0.66
28.3400 0.69
28.3500 0.74
28.3600 0.66
28.3700 0.63
28.3800 0.59
28.3900 0.51
28.4000 0.48
28.4100 0.47
28.4200 0.41
28.4300 0.35
28.4400 0.44
28.4500 0.45
28.4600 0.43
28.4700 0.50
28.4800 0.45
28.4900 0.36
28.5000 0.44
28.5100 0.46
28.5200 0.39
28.5300 0.42
28.5400 0.53
28.5500 0.50
28.5600 0.50
28.5700 0.61
28.5800 0.62
28.5900 0.56
28.6000 0.54
28.6100 0.57
28.6200 0.54
28.6300 0.50
28.6400 0.44
28.6500 0.41
28.6600 0.35
28.6700 0.28
28.6800 0.34
28.6900 0.35
28.7000 0.36
28.7100 0.42
28.7200 0.45
28.7300 0.43
28.7400 0.53
28.7500 0.60
28.7600 0.54
28.7700 0.56
28.7800 0.58
28.7900 0.51
28.8000 0.47
28.8100 0.50
28.8200 0.43
28.8300 0.34
28.8400 0.34
28.8500 0.32
28.8600 0.36
28.8700 0.40
28.8800 0.44
28.8900 0.49
28.9000 0.55
28.9100 0.59
28.9200 0.55
28.9300 0.56
28.9400 0.59
28.9500 0.56
28.9600 0.53
28.9700 0.56
28.9800 0.50
28.9900 0.42
29.0000 0.44
29.0100 0.43
29.0200 0.52
29.0300 0.59
29.0400 0.57
29.0500 0.61
29.0600 0.58
29.0700 0.52
29.0800 0.46
29.0900 0.43
29.1000 0.39
29.1100 0.33
29.1200 0.33
29.1300 0.33
29.1400 0.27
29.1500 0.25
29.1600 0.27
29.1700 0.24
29.1800 0.25
29.1900 0.30
29.2000 0.29
29.2100 0.28
29.2200 0.33
29.2300 0.36
29.2400 0.35
29.2500 0.38
29.2600 0.39
29.2700 0.37
29.2800 0.36
29.2900 0.38
29.3000 0.46
29.3100 0.47
29.3200 0.44
29.3300 0.48
29.3400 0.45
29.3500 0.38
29.3600 0.38
29.3700 0.39
29.3800 0.39
29.3900 0.40
29.4000 0.36
29.4100 0.35
29.4200 0.44
29.4300 0.45
29.4400 0.42
29.4500 0.48
29.4600 0.42
29.4700 0.33
29.4800 0.30
29.4900 0.27
29.5000 0.43
29.5100 0.49
29.5200 0.39
29.5300 0.48
29.5400 0.43
29.5500 0.26
29.5600 0.27
29.5700 0.31
29.5800 0.40
29.5900 0.43
29.6000 0.36
29.6100 0.40
29.6200 0.40
29.6300 0.32
29.6400 0.36
29.6500 0.42
29.6600 0.46
29.6700 0.48
29.6800 0.52
29.6900 0.56
29.7000 0.55
29.7100 0.56
29.7200 0.55
29.7300 0.52
29.7400 0.44
29.7500 0.40
29.7600 0.60
29.7700 0.65
29.7800 0.50
29.7900 0.61
29.8000 0.75
29.8100 0.62
29.8200 0.67
29.8300 0.90
29.8400 0.79
29.8500 0.68
29.8600 0.58
29.8700 0.48
29.8800 0.43
29.8900 0.35
29.9000 0.34
29.9100 0.32
29.9200 0.35
29.9300 0.36
29.9400 0.35
29.9500 0.37
29.9600 0.38
29.9700 0.36
29.9800 0.38
29.9900 0.41
30.0000 0.41
30.0100 0.42
30.0200 0.63
30.0300 0.74
30.0400 0.62
30.0500 0.72
30.0600 0.58
30.0700 0.34
30.0800 0.37
30.0900 0.37
30.1000 0.38
30.1100 0.42
30.1200 0.41
30.1300 0.41
30.1400 0.48
30.1500 0.52
30.1600 0.50
30.1700 0.55
30.1800 0.50
30.1900 0.44
30.2000 0.47
30.2100 0.47
30.2200 0.47
30.2300 0.49
30.2400 0.47
30.2500 0.44
30.2600 0.59
30.2700 0.65
30.2800 0.56
30.2900 0.64
30.3000 0.60
30.3100 0.46
30.3200 0.40
30.3300 0.41
30.3400 0.56
30.3500 0.57
30.3600 0.57
30.3700 0.71
30.3800 0.60
30.3900 0.48
30.4000 0.58
30.4100 0.59
30.4200 0.72
30.4300 0.89
30.4400 0.72
30.4500 0.68
30.4600 0.70
30.4700 0.55
30.4800 0.45
30.4900 0.49
30.5000 0.43
30.5100 0.28
30.5200 0.36
30.5300 0.42
30.5400 0.36
30.5500 0.39
30.5600 0.40
30.5700 0.34
30.5800 0.44
30.5900 0.55
30.6000 0.50
30.6100 0.54
30.6200 0.53
30.6300 0.47
30.6400 0.45
30.6500 0.46
30.6600 0.42
30.6700 0.37
30.6800 0.38
30.6900 0.37
30.7000 0.47
30.7100 0.53
30.7200 0.48
30.7300 0.53
30.7400 0.48
30.7500 0.39
30.7600 0.35
30.7700 0.33
30.7800 0.35
30.7900 0.33
30.8000 0.36
30.8100 0.40
30.8200 0.46
30.8300 0.51
30.8400 0.44
30.8500 0.45
30.8600 0.46
30.8700 0.39
30.8800 0.37
30.8900 0.40
30.9000 0.57
30.9100 0.62
30.9200 0.58
30.9300 0.71
30.9400 0.57
30.9500 0.40
30.9600 0.48
30.9700 0.47
30.9800 0.41
30.9900 0.47
31.0000 0.49
31.0100 0.41
31.0200 0.31
31.0300 0.32
31.0400 0.28
31.0500 0.17
31.0600 0.25
31.0700 0.33
31.0800 0.33
31.0900 0.39
31.1000 0.40
31.1100 0.38
31.1200 0.38
31.1300 0.41
31.1400 0.39
31.1500 0.38
31.1600 0.31
31.1700 0.27
31.1800 0.33
31.1900 0.32
31.2000 0.27
31.2100 0.32
31.2200 0.38
31.2300 0.34
31.2400 0.32
31.2500 0.39
31.2600 0.30
31.2700 0.20
31.2800 0.22
31.2900 0.20
31.3000 0.18
31.3100 0.21
31.3200 0.26
31.3300 0.25
31.3400 0.25
31.3500 0.30
31.3600 0.33
31.3700 0.32
31.3800 0.47
31.3900 0.57
31.4000 0.50
31.4100 0.55
31.4200 0.49
31.4300 0.36
31.4400 0.36
31.4500 0.36
31.4600 0.33
31.4700 0.30
31.4800 0.28
31.4900 0.24
31.5000 0.28
31.5100 0.29
31.5200 0.26
31.5300 0.28
31.5400 0.29
31.5500 0.26
31.5600 0.24
31.5700 0.26
31.5800 0.35
31.5900 0.36
31.6000 0.30
31.6100 0.35
31.6200 0.54
31.6300 0.54
31.6400 0.43
31.6500 0.56
31.6600 0.50
31.6700 0.29
31.6800 0.31
31.6900 0.35
31.7000 0.36
31.7100 0.34
31.7200 0.34
31.7300 0.34
31.7400 0.31
31.7500 0.28
31.7600 0.31
31.7700 0.30
31.7800 0.29
31.7900 0.32
31.8000 0.33
31.8100 0.31
31.8200 0.29
31.8300 0.30
31.8400 0.29
31.8500 0.24
31.8600 0.32
31.8700 0.36
31.8800 0.35
31.8900 0.40
31.9000 0.64
31.9100 0.72
31.9200 0.68
31.9300 0.87
31.9400 0.73
31.9500 0.53
31.9600 0.46
31.9700 0.39
31.9800 0.40
31.9900 0.38
32.0000 0.39
32.0100 0.42
32.0200 0.42
32.0300 0.42
32.0400 0.38
32.0500 0.35
32.0600 0.34
32.0700 0.30
32.0800 0.28
32.0900 0.28
32.1000 0.28
32.1100 0.27
32.1200 0.27
32.1300 0.29
32.1400 0.36
32.1500 0.40
32.1600 0.37
32.1700 0.41
32.1800 0.40
32.1900 0.35
32.2000 0.34
32.2100 0.35
32.2200 0.31
32.2300 0.27
32.2400 0.33
32.2500 0.33
32.2600 0.57
32.2700 0.74
32.2800 0.60
32.2900 0.69
32.3000 0.61
32.3100 0.40
32.3200 0.37
32.3300 0.39
32.3400 0.64
32.3500 0.73
32.3600 0.60
32.3700 0.75
32.3800 0.70
32.3900 0.47
32.4000 0.42
32.4100 0.45
32.4200 0.40
32.4300 0.30
32.4400 0.30
32.4500 0.30
32.4600 0.28
32.4700 0.27
32.4800 0.28
32.4900 0.27
32.5000 0.38
32.5100 0.46
32.5200 0.46
32.5300 0.54
32.5400 0.61
32.5500 0.60
32.5600 0.58
32.5700 0.64
32.5800 0.55
32.5900 0.45
32.6000 0.43
32.6100 0.39
32.6200 0.38
32.6300 0.40
32.6400 0.35
32.6500 0.32
32.6600 0.37
32.6700 0.36
32.6800 0.35
32.6900 0.40
32.7000 0.37
32.7100 0.32
32.7200 0.30
32.7300 0.30
32.7400 0.32
32.7500 0.32
32.7600 0.26
32.7700 0.27
32.7800 0.35
32.7900 0.34
32.8000 0.29
32.8100 0.36
32.8200 0.33
32.8300 0.23
32.8400 0.28
32.8500 0.32
32.8600 0.32
32.8700 0.36
32.8800 0.38
32.8900 0.38
32.9000 0.37
32.9100 0.39
32.9200 0.36
32.9300 0.32
32.9400 0.26
32.9500 0.21
32.9600 0.30
32.9700 0.30
32.9800 0.26
32.9900 0.32
33.0000 0.32
33.0100 0.24
33.0200 0.26
33.0300 0.32
33.0400 0.31
33.0500 0.30
33.0600 0.31
33.0700 0.31
33.0800 0.28
33.0900 0.28
33.1000 0.28
33.1100 0.26
33.1200 0.24
33.1300 0.25
33.1400 0.24
33.1500 0.22
33.1600 0.24
33.1700 0.26
33.1800 0.69
33.1900 0.92
33.2000 0.72
33.2100 0.94
33.2200 0.91
33.2300 0.59
33.2400 0.45
33.2500 0.52
33.2600 0.65
33.2700 0.54
33.2800 0.46
33.2900 0.60
33.3000 0.45
33.3100 0.22
33.3200 0.23
33.3300 0.20
33.3400 0.29
33.3500 0.36
33.3600 0.35
33.3700 0.40
33.3800 0.39
33.3900 0.33
33.4000 0.36
33.4100 0.39
33.4200 0.39
33.4300 0.40
33.4400 0.38
33.4500 0.36
33.4600 0.39
33.4700 0.39
33.4800 0.34
33.4900 0.34
33.5000 0.86
33.5100 1.07
33.5200 0.85
33.5300 1.16
33.5400 1.13
33.5500 0.76
33.5600 0.59
33.5700 0.68
33.5800 0.60
33.5900 0.35
33.6000 0.30
33.6100 0.32
33.6200 0.50
33.6300 0.53
33.6400 0.46
33.6500 0.58
33.6600 0.61
33.6700 0.49
33.6800 0.41
33.6900 0.45
33.7000 0.54
33.7100 0.47
33.7200 0.46
33.7300 0.58
33.7400 0.45
33.7500 0.32
33.7600 0.39
33.7700 0.36
33.7800 0.28
33.7900 0.33
33.8000 0.43
33.8100 0.38
33.8200 0.37
33.8300 0.49
33.8400 0.49
33.8500 0.42
33.8600 0.45
33.8700 0.49
33.8800 0.40
33.8900 0.35
33.9000 0.53
33.9100 0.56
33.9200 0.44
33.9300 0.55
33.9400 0.61
33.9500 0.46
33.9600 0.40
33.9700 0.50
33.9800 0.47
33.9900 0.34
34.0000 0.32
34.0100 0.34
34.0200 0.32
34.0300 0.28
34.0400 0.26
34.0500 0.24
34.0600 0.36
34.0700 0.40
34.0800 0.38
34.0900 0.46
34.1000 0.41
34.1100 0.32
34.1200 0.31
34.1300 0.30
34.1400 0.33
34.1500 0.34
34.1600 0.33
34.1700 0.35
34.1800 0.54
34.1900 0.61
34.2000 0.48
34.2100 0.56
34.2200 0.58
34.2300 0.41
34.2400 0.39
34.2500 0.49
34.2600 0.45
34.2700 0.36
34.2800 0.31
34.2900 0.28
34.3000 0.28
34.3100 0.24
34.3200 0.25
34.3300 0.27
34.3400 0.37
34.3500 0.41
34.3600 0.36
34.3700 0.42
34.3800 0.33
34.3900 0.21
34.4000 0.20
34.4100 0.16
34.4200 0.22
34.4300 0.26
34.4400 0.25
34.4500 0.28
34.4600 0.49
34.4700 0.57
34.4800 0.43
34.4900 0.53
34.5000 0.55
34.5100 0.37
34.5200 0.30
34.5300 0.37
34.5400 0.41
34.5500 0.32
34.5600 0.29
34.5700 0.36
34.5800 0.36
34.5900 0.29
34.6000 0.33
34.6100 0.38
34.6200 0.40
34.6300 0.43
34.6400 0.39
34.6500 0.37
34.6600 0.35
34.6700 0.30
34.6800 0.28
34.6900 0.27
34.7000 0.27
34.7100 0.26
34.7200 0.23
34.7300 0.23
34.7400 0.25
34.7500 0.23
34.7600 0.23
34.7700 0.26
34.7800 0.42
34.7900 0.48
34.8000 0.40
34.8100 0.50
34.8200 0.47
34.8300 0.32
34.8400 0.28
34.8500 0.30
34.8600 0.32
34.8700 0.28
34.8800 0.25
34.8900 0.28
34.9000 0.27
34.9100 0.23
34.9200 0.24
34.9300 0.27
34.9400 0.25
34.9500 0.25
34.9600 0.27
34.9700 0.27
34.9800 0.31
34.9900 0.35
35.0000 0.39
35.0100 0.43
35.0200 0.43
35.0300 0.45
35.0400 0.42
35.0500 0.40
35.0600 0.40
35.0700 0.38
35.0800 0.35
35.0900 0.35
35.1000 0.40
35.1100 0.40
35.1200 0.38
35.1300 0.43
35.1400 0.38
35.1500 0.32
35.1600 0.30
35.1700 0.27
35.1800 0.31
35.1900 0.33
35.2000 0.28
35.2100 0.30
35.2200 0.36
35.2300 0.33
35.2400 0.31
35.2500 0.38
35.2600 0.36
35.2700 0.30
35.2800 0.26
35.2900 0.26
35.3000 0.37
35.3100 0.40
35.3200 0.32
35.3300 0.38
35.3400 0.39
35.3500 0.28
35.3600 0.29
35.3700 0.35
35.3800 0.38
35.3900 0.36
35.4000 0.35
35.4100 0.39
35.4200 0.37
35.4300 0.34
35.4400 0.30
35.4500 0.28
35.4600 0.35
35.4700 0.35
35.4800 0.33
35.4900 0.40
35.5000 0.41
35.5100 0.36
35.5200 0.37
35.5300 0.41
35.5400 0.45
35.5500 0.46
35.5600 0.38
35.5700 0.39
35.5800 0.33
35.5900 0.22
35.6000 0.22
35.6100 0.21
35.6200 0.29
35.6300 0.33
35.6400 0.29
35.6500 0.33
35.6600 0.38
35.6700 0.35
35.6800 0.31
35.6900 0.35
35.7000 0.27
35.7100 0.16
35.7200 0.22
35.7300 0.22
35.7400 0.24
35.7500 0.30
35.7600 0.28
35.7700 0.26
35.7800 0.39
35.7900 0.45
35.8000 0.36
35.8100 0.43
35.8200 0.44
35.8300 0.34
35.8400 0.31
35.8500 0.36
35.8600 0.51
35.8700 0.52
35.8800 0.42
35.8900 0.52
35.9000 0.39
35.9100 0.18
35.9200 0.19
35.9300 0.17
35.9400 0.28
35.9500 0.35
35.9600 0.31
35.9700 0.36
35.9800 0.51
35.9900 0.51
36.0000 0.43
36.0100 0.54
36.0200 0.51
36.0300 0.36
36.0400 0.30
36.0500 0.32
36.0600 0.38
36.0700 0.33
36.0800 0.30
36.0900 0.36
36.1000 0.34
36.1100 0.27
36.1200 0.27
36.1300 0.29
36.1400 0.28
36.1500 0.28
36.1600 0.29
36.1700 0.30
36.1800 0.32
36.1900 0.34
36.2000 0.35
36.2100 0.36
36.2200 0.45
36.2300 0.49
36.2400 0.43
36.2500 0.46
36.2600 0.37
36.2700 0.23
36.2800 0.27
36.2900 0.26
36.3000 0.29
36.3100 0.34
36.3200 0.33
36.3300 0.33
36.3400 0.34
36.3500 0.33
36.3600 0.29
36.3700 0.27
36.3800 0.30
36.3900 0.29
36.4000 0.29
36.4100 0.34
36.4200 0.35
36.4300 0.34
36.4400 0.31
36.4500 0.32
36.4600 0.42
36.4700 0.45
36.4800 0.39
36.4900 0.45
36.5000 0.41
36.5100 0.30
36.5200 0.29
36.5300 0.30
36.5400 0.31
36.5500 0.31
36.5600 0.29
36.5700 0.29
36.5800 0.43
36.5900 0.48
36.6000 0.39
36.6100 0.47
36.6200 0.38
36.6300 0.21
36.6400 0.21
36.6500 0.21
36.6600 0.41
36.6700 0.51
36.6800 0.42
36.6900 0.53
36.7000 0.46
36.7100 0.29
36.7200 0.29
36.7300 0.31
36.7400 0.39
36.7500 0.42
36.7600 0.37
36.7700 0.41
36.7800 0.40
36.7900 0.34
36.8000 0.30
36.8100 0.32
36.8200 0.29
36.8300 0.24
36.8400 0.29
36.8500 0.32
36.8600 0.29
36.8700 0.32
36.8800 0.31
36.8900 0.27
36.9000 0.27
36.9100 0.29
36.9200 0.24
36.9300 0.21
36.9400 0.32
36.9500 0.34
36.9600 0.30
36.9700 0.38
36.9800 0.38
36.9900 0.31
37.0000 0.29
37.0100 0.32
37.0200 0.28
37.0300 0.21
37.0400 0.23
37.0500 0.23
37.0600 0.27
37.0700 0.31
37.0800 0.33
37.0900 0.36
37.1000 0.36
37.1100 0.36
37.1200 0.36
37.1300 0.35
37.1400 0.36
37.1500 0.37
37.1600 0.32
37.1700 0.31
37.1800 0.34
37.1900 0.32
37.2000 0.27
37.2100 0.30
37.2200 0.27
37.2300 0.20
37.2400 0.20
37.2500 0.20
37.2600 0.26
37.2700 0.29
37.2800 0.24
37.2900 0.27
37.3000 0.26
37.3100 0.19
37.3200 0.18
37.3300 0.20
37.3400 0.24
37.3500 0.25
37.3600 0.24
37.3700 0.28
37.3800 0.29
37.3900 0.27
37.4000 0.30
37.4100 0.34
37.4200 0.31
37.4300 0.30
37.4400 0.24
37.4500 0.18
37.4600 0.16
37.4700 0.12
37.4800 0.14
37.4900 0.15
37.5000 0.17
37.5100 0.18
37.5200 0.18
37.5300 0.18
37.5400 0.21
37.5500 0.21
37.5600 0.18
37.5700 0.20
37.5800 0.20
37.5900 0.18
37.6000 0.20
37.6100 0.23
37.6200 0.26
37.6300 0.28
37.6400 0.23
37.6500 0.23
37.6600 0.20
37.6700 0.15
37.6800 0.16
37.6900 0.16
37.7000 0.20
37.7100 0.22
37.7200 0.25
37.7300 0.29
37.7400 0.44
37.7500 0.53
37.7600 0.50
37.7700 0.59
37.7800 0.54
37.7900 0.44
37.8000 0.37
37.8100 0.33
37.8200 0.29
37.8300 0.22
37.8400 0.24
37.8500 0.25
37.8600 0.24
37.8700 0.27
37.8800 0.30
37.8900 0.30
37.9000 0.28
37.9100 0.30
37.9200 0.26
37.9300 0.20
37.9400 0.22
37.9500 0.21
37.9600 0.22
37.9700 0.24
37.9800 0.33
37.9900 0.36
38.0000 0.30
38.0100 0.33
38.0200 0.38
38.0300 0.32
38.0400 0.26
38.0500 0.30
38.0600 0.34
38.0700 0.28
38.0800 0.24
38.0900 0.28
38.1000 0.28
38.1100 0.21
38.1200 0.22
38.1300 0.26
38.1400 0.25
38.1500 0.24
38.1600 0.22
38.1700 0.21
38.1800 0.27
38.1900 0.30
38.2000 0.29
38.2100 0.34
38.2200 0.35
38.2300 0.33
38.2400 0.29
38.2500 0.30
38.2600 0.30
38.2700 0.25
38.2800 0.20
38.2900 0.20
38.3000 0.22
38.3100 0.19
38.3200 0.17
38.3300 0.21
38.3400 0.23
38.3500 0.21
38.3600 0.22
38.3700 0.26
38.3800 0.22
38.3900 0.19
38.4000 0.18
38.4100 0.17
38.4200 0.30
38.4300 0.37
38.4400 0.30
38.4500 0.37
38.4600 0.42
38.4700 0.35
38.4800 0.30
38.4900 0.37
38.5000 0.39
38.5100 0.33
38.5200 0.32
38.5300 0.38
38.5400 0.41
38.5500 0.39
38.5600 0.38
38.5700 0.41
38.5800 0.37
38.5900 0.32
38.6000 0.28
38.6100 0.24
38.6200 0.21
38.6300 0.17
38.6400 0.16
38.6500 0.15
38.6600 0.21
38.6700 0.24
38.6800 0.22
38.6900 0.26
38.7000 0.27
38.7100 0.23
38.7200 0.25
38.7300 0.29
38.7400 0.30
38.7500 0.30
38.7600 0.26
38.7700 0.24
38.7800 0.22
38.7900 0.17
38.8000 0.18
38.8100 0.18
38.8200 0.21
38.8300 0.23
38.8400 0.23
38.8500 0.26
38.8600 0.24
38.8700 0.22
38.8800 0.20
38.8900 0.18
38.9000 0.17
38.9100 0.16
38.9200 0.16
38.9300 0.16
38.9400 0.17
38.9500 0.17
38.9600 0.18
38.9700 0.19
38.9800 0.18
38.9900 0.18
39.0000 0.17
39.0100 0.15
39.0200 0.14
39.0300 0.12
39.0400 0.17
39.0500 0.19
39.0600 0.25
39.0700 0.32
39.0800 0.30
39.0900 0.31
39.1000 0.29
39.1100 0.25
39.1200 0.25
39.1300 0.24
39.1400 0.23
39.1500 0.22
39.1600 0.22
39.1700 0.22
39.1800 0.24
39.1900 0.26
39.2000 0.29
39.2100 0.32
39.2200 0.31
39.2300 0.32
39.2400 0.29
39.2500 0.26
39.2600 0.48
39.2700 0.58
39.2800 0.69
39.2900 0.92
39.3000 0.71
39.3100 0.59
39.3200 0.45
39.3300 0.22
39.3400 0.24
39.3500 0.22
39.3600 0.21
39.3700 0.24
39.3800 0.20
39.3900 0.15
39.4000 0.13
39.4100 0.10
39.4200 0.11
39.4300 0.10
39.4400 0.12
39.4500 0.14
39.4600 0.18
39.4700 0.22
39.4800 0.20
39.4900 0.23
39.5000 0.22
39.5100 0.20
39.5200 0.19
39.5300 0.20
39.5400 0.21
39.5500 0.21
39.5600 0.20
39.5700 0.22
39.5800 0.20
39.5900 0.18
39.6000 0.17
39.6100 0.16
39.6200 0.20
39.6300 0.22
39.6400 0.29
39.6500 0.35
39.6600 0.32
39.6700 0.34
39.6800 0.39
39.6900 0.37
39.7000 0.35
39.7100 0.40
39.7200 0.33
39.7300 0.26
39.7400 0.22
39.7500 0.17
39.7600 0.16
39.7700 0.15
39.7800 0.16
39.7900 0.17
39.8000 0.17
39.8100 0.18
39.8200 0.17
39.8300 0.16
39.8400 0.16
39.8500 0.15
39.8600 0.17
39.8700 0.17
39.8800 0.18
39.8900 0.20
39.9000 0.18
39.9100 0.18
39.9200 0.48
39.9300 0.61
39.9400 0.86
39.9500 1.22
39.9600 1.10
39.9700 1.12
39.9800 0.84
39.9900 0.57
40.0000 0.58
40.0100 0.42
40.0200 0.40
40.0300 0.47
40.0400 0.36
40.0500 0.25
40.0600 0.22
40.0700 0.15
40.0800 0.14
40.0900 0.14
40.1000 0.20
40.1100 0.22
40.1200 0.33
40.1300 0.44
40.1400 0.79
40.1500 1.04
40.1600 0.74
40.1700 0.83
40.1800 0.65
40.1900 0.22
40.2000 0.20
40.2100 0.22
40.2200 0.17
40.2300 0.12
40.2400 0.12
40.2500 0.10
40.2600 0.10
40.2700 0.11
40.2800 0.12
40.2900 0.12
40.3000 0.18
40.3100 0.22
40.3200 0.19
40.3300 0.21
40.3400 0.22
40.3500 0.18
40.3600 0.18
40.3700 0.21
40.3800 0.20
40.3900 0.18
40.4000 0.21
40.4100 0.23
40.4200 0.25
40.4300 0.28
40.4400 0.30
40.4500 0.32
40.4600 0.36
40.4700 0.39
40.4800 0.36
40.4900 0.36
40.5000 0.38
40.5100 0.35
40.5200 0.31
40.5300 0.32
40.5400 0.31
40.5500 0.26
40.5600 0.21
40.5700 0.20
40.5800 0.22
40.5900 0.20
40.6000 0.20
40.6100 0.24
40.6200 0.22
40.6300 0.20
40.6400 0.20
40.6500 0.20
40.6600 0.18
40.6700 0.18
40.6800 0.17
40.6900 0.15
40.7000 0.14
40.7100 0.14
40.7200 0.31
40.7300 0.40
40.7400 0.33
40.7500 0.43
40.7600 0.57
40.7700 0.53
40.7800 0.42
40.7900 0.53
40.8000 0.63
40.8100 0.52
40.8200 0.41
40.8300 0.52
40.8400 0.51
40.8500 0.34
40.8600 0.31
40.8700 0.36
40.8800 0.31
40.8900 0.22
40.9000 0.20
40.9100 0.18
40.9200 0.20
40.9300 0.20
40.9400 0.58
40.9500 0.79
40.9600 0.64
40.9700 0.85
40.9800 0.87
40.9900 0.62
41.0000 0.64
41.0100 0.79
41.0200 0.62
41.0300 0.48
41.0400 0.40
41.0500 0.26
41.0600 0.26
41.0700 0.24
41.0800 0.25
41.0900 0.27
41.1000 0.26
41.1100 0.26
41.1200 0.25
41.1300 0.24
41.1400 0.26
41.1500 0.27
41.1600 0.27
41.1700 0.29
41.1800 0.30
41.1900 0.30
41.2000 0.29
41.2100 0.29
41.2200 0.48
41.2300 0.57
41.2400 0.66
41.2500 0.86
41.2600 0.62
41.2700 0.49
41.2800 0.39
41.2900 0.17
41.3000 0.21
41.3100 0.25
41.3200 0.22
41.3300 0.24
41.3400 0.21
41.3500 0.16
41.3600 0.18
41.3700 0.18
41.3800 0.25
41.3900 0.30
41.4000 0.30
41.4100 0.33
41.4200 0.25
41.4300 0.18
41.4400 0.31
41.4500 0.32
41.4600 0.29
41.4700 0.39
41.4800 0.35
41.4900 0.23
41.5000 0.18
41.5100 0.17
41.5200 0.33
41.5300 0.36
41.5400 0.68
41.5500 0.99
41.5600 0.94
41.5700 1.08
41.5800 0.80
41.5900 0.54
41.6000 0.44
41.6100 0.23
41.6200 0.22
41.6300 0.21
41.6400 0.18
41.6500 0.16
41.6600 0.60
41.6700 0.80
41.6800 0.76
41.6900 1.07
41.7000 0.84
41.7100 0.52
41.7200 0.59
41.7300 0.54
41.7400 0.41
41.7500 0.42
41.7600 0.33
41.7700 0.14
41.7800 0.14
41.7900 0.15
41.8000 0.15
41.8100 0.15
41.8200 0.15
41.8300 0.14
41.8400 0.14
41.8500 0.15
41.8600 0.24
41.8700 0.28
41.8800 0.44
41.8900 0.58
41.9000 0.51
41.9100 0.55
41.9200 0.55
41.9300 0.46
41.9400 0.34
41.9500 0.34
41.9600 0.28
41.9700 0.14
41.9800 0.17
41.9900 0.20
42.0000 0.20
42.0100 0.21
42.0200 0.20
42.0300 0.20
42.0400 0.21
42.0500 0.22
42.0600 0.24
42.0700 0.27
42.0800 0.49
42.0900 0.62
42.1000 0.81
42.1100 1.07
42.1200 0.76
42.1300 0.67
42.1400 0.59
42.1500 0.30
42.1600 0.24
42.1700 0.29
42.1800 0.78
42.1900 0.95
42.2000 0.86
42.2100 1.23
42.2200 0.97
42.2300 0.56
42.2400 0.45
42.2500 0.33
42.2600 0.29
42.2700 0.22
42.2800 0.35
42.2900 0.42
42.3000 0.33
42.3100 0.38
42.3200 0.52
42.3300 0.47
42.3400 0.38
42.3500 0.50
42.3600 0.43
42.3700 0.24
42.3800 0.25
42.3900 0.28
42.4000 0.27
42.4100 0.26
42.4200 0.23
42.4300 0.22
42.4400 0.23
42.4500 0.23
42.4600 0.27
42.4700 0.31
42.4800 0.34
42.4900 0.38
42.5000 0.37
42.5100 0.38
42.5200 0.34
42.5300 0.32
42.5400 0.67
42.5500 0.82
42.5600 0.80
42.5700 1.06
42.5800 0.98
42.5900 0.78
42.6000 0.60
42.6100 0.53
42.6200 0.40
42.6300 0.19
42.6400 0.19
42.6500 0.16
42.6600 0.16
42.6700 0.17
42.6800 0.19
42.6900 0.20
42.7000 0.22
42.7100 0.24
42.7200 0.27
42.7300 0.29
42.7400 0.34
42.7500 0.39
42.7600 0.50
42.7700 0.59
42.7800 0.50
42.7900 0.52
42.8000 0.42
42.8100 0.27
42.8200 0.27
42.8300 0.25
42.8400 0.27
42.8500 0.29
42.8600 0.24
42.8700 0.22
42.8800 0.22
42.8900 0.18
42.9000 0.19
42.9100 0.21
42.9200 0.21
42.9300 0.21
42.9400 0.22
42.9500 0.22
42.9600 0.24
42.9700 0.25
42.9800 0.25
42.9900 0.26
43.0000 0.24
43.0100 0.23
43.0200 0.21
43.0300 0.19
43.0400 0.31
43.0500 0.36
43.0600 0.72
43.0700 0.99
43.0800 0.75
43.0900 0.85
43.1000 0.63
43.1100 0.22
43.1200 0.26
43.1300 0.26
43.1400 0.27
43.1500 0.31
43.1600 0.32
43.1700 0.31
43.1800 0.25
43.1900 0.24
43.2000 0.22
43.2100 0.16
43.2200 0.18
43.2300 0.20
43.2400 0.24
43.2500 0.28
43.2600 0.29
43.2700 0.32
43.2800 0.30
43.2900 0.29
43.3000 0.25
43.3100 0.22
43.3200 0.23
43.3300 0.21
43.3400 0.22
43.3500 0.24
43.3600 0.23
43.3700 0.22
43.3800 0.21
43.3900 0.21
43.4000 0.21
43.4100 0.22
43.4200 0.24
43.4300 0.25
43.4400 0.24
43.4500 0.24
43.4600 0.32
43.4700 0.34
43.4800 0.29
43.4900 0.33
43.5000 0.26
43.5100 0.15
43.5200 0.20
43.5300 0.21
43.5400 0.24
43.5500 0.29
43.5600 0.31
43.5700 0.31
43.5800 0.29
43.5900 0.30
43.6000 0.25
43.6100 0.21
43.6200 0.19
43.6300 0.15
43.6400 0.23
43.6500 0.27
43.6600 0.77
43.6700 1.07
43.6800 0.85
43.6900 1.08
43.7000 0.85
43.7100 0.39
43.7200 0.41
43.7300 0.42
43.7400 0.66
43.7500 0.79
43.7600 0.69
43.7700 0.81
43.7800 0.62
43.7900 0.35
43.8000 0.33
43.8100 0.24
43.8200 0.31
43.8300 0.35
43.8400 0.39
43.8500 0.45
43.8600 0.39
43.8700 0.36
43.8800 0.36
43.8900 0.25
43.9000 0.22
43.9100 0.19
43.9200 0.19
43.9300 0.19
43.9400 0.30
43.9500 0.40
43.9600 0.29
43.9700 0.29
43.9800 0.32
43.9900 0.28
44.0000 0.24
44.0100 0.27
44.0200 0.82
44.0300 1.03
44.0400 0.96
44.0500 1.36
44.0600 0.98
44.0700 0.51
44.0800 0.42
44.0900 0.23
44.1000 0.21
44.1100 0.21
44.1200 0.31
44.1300 0.34
44.1400 0.34
44.1500 0.42
44.1600 0.41
44.1700 0.36
44.1800 0.31
44.1900 0.31
44.2000 0.27
44.2100 0.20
44.2200 0.18
44.2300 0.16
44.2400 0.18
44.2500 0.17
44.2600 0.17
44.2700 0.18
44.2800 0.23
44.2900 0.24
44.3000 0.24
44.3100 0.28
44.3200 0.37
44.3300 0.39
44.3400 0.31
44.3500 0.35
44.3600 0.32
44.3700 0.21
44.3800 0.26
44.3900 0.32
44.4000 0.41
44.4100 0.49
44.4200 0.81
44.4300 1.02
44.4400 0.97
44.4500 1.15
44.4600 1.11
44.4700 0.94
44.4800 0.98
44.4900 1.04
44.5000 1.00
44.5100 0.99
44.5200 0.87
44.5300 0.79
44.5400 0.64
44.5500 0.49
44.5600 0.54
44.5700 0.48
44.5800 0.74
44.5900 0.95
44.6000 0.96
44.6100 1.13
44.6200 0.83
44.6300 0.61
44.6400 0.50
44.6500 0.26
44.6600 0.27
44.6700 0.30
44.6800 0.27
44.6900 0.26
44.7000 0.23
44.7100 0.18
44.7200 0.27
44.7300 0.29
44.7400 0.27
44.7500 0.32
44.7600 0.27
44.7700 0.18
44.7800 0.17
44.7900 0.15
44.8000 0.40
44.8100 0.52
44.8200 0.69
44.8300 0.97
44.8400 0.94
44.8500 0.96
44.8600 1.14
44.8700 1.19
44.8800 0.97
44.8900 1.02
44.9000 0.73
44.9100 0.34
44.9200 0.53
44.9300 0.52
44.9400 0.45
44.9500 0.60
44.9600 0.47
44.9700 0.25
44.9800 0.26
44.9900 0.24
45.0000 0.24
45.0100 0.26
45.0200 0.24
45.0300 0.22
45.0400 0.20
45.0500 0.18
45.0600 0.17
45.0700 0.15
45.0800 0.36
45.0900 0.46
45.1000 0.72
45.1100 1.01
45.1200 0.90
45.1300 0.96
45.1400 0.99
45.1500 0.86
45.1600 0.63
45.1700 0.60
45.1800 0.46
45.1900 0.17
45.2000 0.29
45.2100 0.35
45.2200 0.28
45.2300 0.33
45.2400 0.52
45.2500 0.53
45.2600 0.40
45.2700 0.53
45.2800 0.42
45.2900 0.18
45.3000 0.18
45.3100 0.20
45.3200 0.22
45.3300 0.22
45.3400 0.67
45.3500 0.92
45.3600 0.77
45.3700 1.03
45.3800 1.17
45.3900 0.97
45.4000 0.77
45.4100 0.92
45.4200 0.74
45.4300 0.39
45.4400 0.39
45.4500 0.39
45.4600 0.49
45.4700 0.54
45.4800 0.50
45.4900 0.56
45.5000 0.42
45.5100 0.29
45.5200 0.35
45.5300 0.32
45.5400 0.79
45.5500 1.11
45.5600 1.00
45.5700 1.25
45.5800 1.13
45.5900 0.83
45.6000 0.63
45.6100 0.57
45.6200 0.42
45.6300 0.17
45.6400 0.23
45.6500 0.23
45.6600 0.48
45.6700 0.66
45.6800 0.59
45.6900 0.72
45.7000 0.91
45.7100 0.86
45.7200 0.69
45.7300 0.81
45.7400 0.61
45.7500 0.27
45.7600 0.31
45.7700 0.29
45.7800 0.56
45.7900 0.74
45.8000 0.61
45.8100 0.72
45.8200 1.00
45.8300 0.95
45.8400 0.72
45.8500 0.91
45.8600 1.19
45.8700 1.01
45.8800 0.74
45.8900 0.98
45.9000 1.04
45.9100 0.68
45.9200 0.66
45.9300 0.90
45.9400 1.02
45.9500 0.96
45.9600 0.74
45.9700 0.79
45.9800 0.96
45.9900 0.81
46.0000 0.81
46.0100 1.31
46.0200 1.29
46.0300 1.26
46.0400 0.90
46.0500 0.90
46.0600 0.70
46.0700 0.42
46.0800 0.43
46.0900 0.37
46.1000 0.76
46.1100 0.99
46.1200 0.79
46.1300 0.97
46.1400 0.72
46.1500 0.32
46.1600 0.37
46.1700 0.35
46.1800 0.32
46.1900 0.36
46.2000 0.37
46.2100 0.32
46.2200 0.74
46.2300 0.99
46.2400 0.73
46.2500 0.91
46.2600 0.67
46.2700 0.21
46.2800 0.28
46.2900 0.30
46.3000 0.30
46.3100 0.35
46.3200 0.42
46.3300 0.43
46.3400 0.38
46.3500 0.42
46.3600 0.42
46.3700 0.28
46.3800 0.23
46.3900 0.17
46.4000 0.36
46.4100 0.36
46.4200 0.76
46.4300 1.06
46.4400 1.04
46.4500 1.28
46.4600 0.91
46.4700 0.58
46.4800 0.49
46.4900 0.24
46.5000 0.23
46.5100 0.26
46.5200 0.27
46.5300 0.26
46.5400 0.23
46.5500 0.24
46.5600 0.37
46.5700 0.41
46.5800 0.39
46.5900 0.49
46.6000 0.51
46.6100 0.45
46.6200 0.46
46.6300 0.51
46.6400 0.44
46.6500 0.40
46.6600 0.35
46.6700 0.29
46.6800 0.37
46.6900 0.40
46.7000 0.61
46.7100 0.79
46.7200 0.66
46.7300 0.72
46.7400 0.91
46.7500 0.85
46.7600 0.70
46.7700 0.85
46.7800 0.68
46.7900 0.36
46.8000 0.50
46.8100 0.55
46.8200 0.78
46.8300 1.01
46.8400 0.83
46.8500 0.87
46.8600 0.77
46.8700 0.52
46.8800 0.56
46.8900 0.60
46.9000 0.60
46.9100 0.62
46.9200 0.56
46.9300 0.51
46.9400 0.41
46.9500 0.32
46.9600 0.30
46.9700 0.24
46.9800 0.26
46.9900 0.29
47.0000 0.32
47.0100 0.35
47.0200 0.32
47.0300 0.33
47.0400 0.34
47.0500 0.32
47.0600 0.35
47.0700 0.40
47.0800 0.45
47.0900 0.49
47.1000 0.49
47.1100 0.53
47.1200 0.47
47.1300 0.42
47.1400 0.42
47.1500 0.39
47.1600 0.36
47.1700 0.36
47.1800 0.35
47.1900 0.31
47.2000 0.31
47.2100 0.31
47.2200 0.32
47.2300 0.32
47.2400 0.37
47.2500 0.41
47.2600 0.41
47.2700 0.45
47.2800 0.43
47.2900 0.40
47.3000 0.44
47.3100 0.45
47.3200 0.60
47.3300 0.71
47.3400 0.57
47.3500 0.60
47.3600 0.53
47.3700 0.35
47.3800 0.32
47.3900 0.33
47.4000 0.37
47.4100 0.35
47.4200 0.38
47.4300 0.43
47.4400 0.45
47.4500 0.45
47.4600 0.42
47.4700 0.41
47.4800 0.42
47.4900 0.39
47.5000 0.41
47.5100 0.43
4